680 639
6 954
248 582
274 142
872 639
500 187
749 867
456 935
392 236
984 665
215 237
640 807
859 974
825 408
84 616
287 100
816 322
248 422
46 575
353 489
198 932
421 586
235 835
808 649
792 408
872 743
453 381
682 963
670 426
476 399
329 937
630 244
546 382
680 765
188 515
100 373
872 972
596 330
144 716
707 556
372 362
495 637
192 566
211 36
43 598
157 508
789 247
453 345
367 551
410 257
752 117
528 409
764 155
129 118
334 961
886 497
964 679
857 353
747 633
544 199
15 46
363 792
121 89
986 467
885 712
954 720
12 36
174 820
593 761
704 674
435 602
794 295
245 1
565 687
17 451
487 443
963 659
122 43
479 749
452 705
970 903
853 574
244 301
677 537
688 657
642 397
978 252
890 794
15 217
152 711
519 176
996 169
207 583
285 495
325 684
189 493
226 712
765 688
863 355
757 275
111 749
513 307
814 205
286 887
877 75
885 941
810 354
8 325
87 274
353 972
871 492
419 15
316 607
303 807
491 482
459 633
204 331
137 865
773 305
133 556
685 630
732 451
232 503
434 818
878 541
784 460
247 895
522 823
744 883
243 955
726 86
949 527
344 941
52 244
429 744
626 518
789 908
201 501
496 74
884 342
370 650
490 655
515 810
395 333
900 696
358 101
333 367
628 885
708 617
641 168
227 134
442 724
864 554
913 741
353 353
945 350
602 572
149 580
979 281
911 726
134 417
686 712
952 10
55 25
916 857
28 540
416 110
608 35
561 46
308 791
672 641
217 549
114 770
174 358
761 792
169 723
667 682
323 304
238 406
91 199
752 309
225 17
787 60
860 161
265 714
442 787
749 78
944 566
505 913
592 309
894 674
58 535
969 768
533 958
934 70
177 934
442 518
384 577
686 589
397 13
850 999
264 776
495 479
73 61
298 571
864 269
839 801
319 940
374 790
786 452
67 286
46 17
982 985
170 868
403 448
424 656
178 61
664 164
374 902
535 164
624 855
619 822
608 713
754 659
508 477
430 531
934 91
375 24
187 833
267 79
192 931
838 428
588 405
23 445
292 817
600 669
117 736
180 408
607 877
906 316
500 117
153 207
72 446
151 185
913 155
525 299
331 209
434 130
688 375
124 354
565 265
914 877
774 677
905 925
466 487
994 255
792 184
773 101
319 328
225 786
315 721
679 213
859 319
565 635
467 987
274 621
573 277
397 45
400 336
404 468
347 16
587 643
339 572
221 84
22 83
283 2
956 101
500 159
682 272
899 733
630 200
944 221
352 760
879 262
933 792
458 373
747 638
547 701
24 991
649 482
72 707
743 198
858 501
935 690
389 311
710 674
629 415
122 639
134 268
341 694
937 130
50 538
899 730
637 224
559 766
706 801
927 663
583 34
89 774
78 715
902 209
918 579
38 343
157 333
693 699
719 626
707 956
227 486
248 89
370 463
563 511
33 716
528 457
779 789
593 937
481 123
985 898
718 32
934 988
654 946
546 204
931 0
790 7
146 856
188 501
892 941
467 931
301 830
573 739
726 766
45 343
273 677
778 858
68 486
128 440
101 318
211 419
791 631
888 130
690 570
602 603
96 470
180 213
340 946
514 197
178 259
222 433
121 750
959 487
3 945
386 357
29 625
941 967
301 994
647 41
562 250
831 686
341 181
107 18
352 39
484 395
872 417
453 973
505 1
336 187
977 818
919 966
803 926
165 614
512 556
581 267
480 42
499 308
7 99
546 640
177 542
564 746
65 226
124 597
351 510
745 404
69 248
796 697
314 596
911 960
225 206
776 757
659 927
606 161
594 969
556 382
52 456
240 265
933 439
735 89
350 214
235 321
615 89
430 59
901 949
350 816
701 671
231 381
595 119
473 361
279 474
947 874
94 161
482 815
78 819
5 0
655 400
808 567
957 704
621 288
659 107
236 988
921 341
553 966
62 188
509 967
471 218
409 379
548 507
301 47
250 543
491 601
46 769
621 796
38 133
533 214
788 227
326 59
220 613
764 262
730 318
801 717
173 47
504 699
248 746
406 505
119 589
631 259
821 832
453 835
766 695
844 231
830 786
571 663
781 609
184 310
127 913
217 760
963 270
16 210
232 54
852 408
2 735
414 54
597 33
73 579
814 134
498 733
666 591
171 439
799 325
62 644
485 395
399 836
747 275
231 621
17 673
773 684
725 739
953 269
525 11
79 12
829 892
801 306
381 621
660 400
693 835
804 283
799 263
786 35
164 661
418 413
572 349
428 457
494 923
567 273
995 183
138 841
422 20
348 741
281 557
537 667
906 894
358 746
53 343
854 865
111 472
137 879
941 394
890 292
170 469
417 242
319 627
202 196
627 32
885 415
17 611
306 449
544 128
788 918
986 813
99 691
993 390
106 362
103 827
276 558
223 57
672 500
210 963
770 974
708 468
311 396
66 529
906 356
53 806
205 854
319 241
902 577
694 600
295 145
88 884
716 292
500 841
660 63
585 597
603 634
805 417
348 735
850 102
388 815
138 949
613 766
79 837
278 534
206 809
370 703
659 174
987 978
309 841
8 30
361 997
679 959
190 12
596 752
483 295
844 405
179 331
781 919
955 920
146 187
292 146
762 331
424 612
5 767
956 754
186 721
45 483
423 367
173 648
453 991
530 68
425 167
144 57
48 198
2 300
934 814
460 670
331 717
190 296
925 35
954 998
827 42
262 268
398 968
460 248
224 516
829 797
255 121
110 268
215 29
541 331
272 159
970 297
980 102
212 306
446 178
148 148
349 553
735 198
638 283
194 984
906 93
650 51
58 727
596 60
926 741
605 192
221 471
457 526
24 180
4 743
626 884
600 985
192 979
839 510
240 754
554 987
497 444
376 146
204 431
599 291
442 127
995 796
439 253
53 165
743 176
917 13
212 752
946 860
697 886
917 533
926 359
842 140
370 450
303 340
583 871
931 604
157 431
621 666
770 884
501 653
358 946
119 962
313 469
937 972
443 609
771 811
243 946
341 493
0 348
314 646
153 599
954 902
950 512
717 282
199 148
989 672
746 903
115 441
471 695
456 252
817 660
618 775
465 663
69 363
23 303
435 770
592 859
155 381
258 112
310 445
784 947
251 163
768 495
202 268
137 418
171 652
835 694
794 407
183 21
997 642
667 46
19 504
684 573
526 894
434 906
118 982
619 964
144 780
202 500
437 814
301 439
635 338
561 666
502 977
78 841
688 393
89 876
846 926
474 7
4 480
208 516
573 519
568 848
75 409
287 972
283 621
911 989
677 459
240 455
551 308
441 431
557 470
84 363
188 182
962 164
55 527
891 362
579 881
624 504
347 268
175 931
598 72
653 913
437 407
816 941
155 344
229 637
489 511
679 803
213 448
664 26
686 642
580 904
419 316
410 885
136 543
506 662
962 620
334 340
570 590
135 978
483 536
639 924
934 637
474 659
442 594
11 28
71 505
815 55
537 113
660 991
656 341
51 405
488 331
855 862
152 714
69 550
295 168
621 858
15 38
785 191
867 174
191 192
25 663
702 424
466 277
545 298
554 91
206 850
424 514
284 947
999 548
136 911
732 651
120 684
530 293
139 654
376 548
313 277
248 789
415 791
188 48
705 338
32 267
428 912
203 202
756 55
578 361
486 268
648 534
349 261
821 382
5 107
595 228
102 97
643 621
75 675
648 14
118 128
603 147
699 54
677 948
414 457
166 313
929 266
667 386
984 714
461 782
121 661
519 52
172 484
886 393
886 787
349 813
436 846
644 690
533 791
515 430
138 529
262 914
627 366
96 222
410 17
61 637
922 545
108 347
477 955
213 517
786 695
989 374
870 855
998 951
354 889
870 228
743 305
212 159
28 119
11 790
357 669
159 689
182 226
506 405
387 565
550 33
241 569
481 770
418 935
50 652
398 605
91 108
44 598
546 75
124 810
160 344
551 366
506 365
497 715
653 270
780 981
188 87
233 893
22 204
899 641
842 159
5 115
186 369
686 621
796 126
395 587
26 459
143 663
154 617
859 609
582 238
277 824
251 686
209 753
130 885
130 629
98 618
446 306
638 348
760 275
377 869
851 517
437 161
593 235
197 970
941 585
508 458
26 666
588 985
225 574
971 423
208 39
478 368
599 796
677 709
844 701
294 65
587 163
164 905
297 405
322 56
189 251
249 618
940 424
398 436
677 972
291 416
343 829
564 527
272 452
198 58
236 227
760 812
621 184
196 26
93 182
215 956
415 318
732 869
120 751
191 262
85 286
188 301
916 933
228 800
21 320
781 168
203 479
599 73
771 915
171 64
874 367
177 438
583 329
936 307
831 300
228 800
620 441
501 562
833 2
866 687
325 382
388 241
726 44
475 773
345 596
848 121
832 52
321 545
286 707
38 883
403 708
218 433
752 555
697 143
901 200
436 467
523 668
67 618
633 609
287 997
548 726
153 608
509 804
865 705
521 387
440 616
239 205
832 949
985 743
98 947
86 785
653 801
143 837
170 922
800 577
693 392
701 119
201 51
510 238
428 159
