4877 4457
3548 167
9494 8785
9129 2956
5046 6668
3083 4413
6964 5305
1255 6559
4225 9175
2387 305
6957 9848
4422 8308
1662 6294
7789 389
8063 55
5819 4737
4845 1234
9822 3338
1543 7866
6480 321
6687 4959
761 2288
9049 7561
1315 6290
5270 941
408 4438
5577 4910
8333 911
2242 3766
8929 649
4159 9386
3785 849
1093 4745
5549 3896
9627 4519
8233 3507
2482 2196
7778 8712
669 6776
4495 7192
671 6592
7095 1273
5527 599
9835 6521
3273 6389
9343 8219
1430 4243
575 2367
9029 8755
4432 1379
4230 5459
5854 7236
5575 5263
6935 2834
3387 22
5269 6089
8858 7254
7607 1406
4732 9780
6654 4901
2277 653
9218 237
5756 3454
8761 26
4603 5845
6297 8748
1199 9561
4494 586
3424 3774
7401 6889
8394 4794
6382 8796
3364 2835
259 2193
2371 1165
8403 4223
9471 3490
2735 9175
5039 4585
3273 13
9021 1441
8974 7187
2559 4732
4221 5965
9808 2112
6683 1823
9607 2714
8838 6843
7789 6729
6757 725
9221 7832
6783 8954
7892 7220
8858 9590
6376 444
6105 6080
2446 6646
1421 190
7688 3498
795 5878
4484 5348
1777 5985
287 9991
6898 9991
6032 1795
6818 3446
2263 5147
5846 8330
341 8198
1285 2491
6078 4251
6669 3851
8845 228
9891 7574
569 8031
9255 8454
7087 8579
2920 7269
2616 9335
7454 7471
9522 2201
4338 8182
6495 2205
3818 9939
3230 8208
9041 6670
8186 8113
3601 6994
312 3938
1394 4277
7975 7552
2589 6010
6268 8227
6966 288
6852 310
1598 2839
6569 189
3511 6811
2804 5970
8616 2993
2266 6929
1892 4176
9373 4617
8901 8812
6412 9765
2771 8196
9126 2455
4774 2701
6402 3457
2586 624
6991 9989
3765 750
8752 9461
2992 5053
3414 108
6683 685
5659 9281
4152 6717
4363 7722
5355 1061
5897 6860
9175 3187
2416 1436
7414 1387
1704 8066
7357 8689
5925 4437
724 8909
2135 393
9982 699
3883 8420
3067 4943
6825 53
3297 6885
9417 7093
6407 7752
4493 8908
9222 6831
8552 9902
4818 9305
5298 3626
3530 5952
1062 5161
2402 6490
6025 2941
3272 552
3095 7183
909 1234
129 8805
2456 5352
3878 3883
8558 3753
7616 1417
2907 1191
1748 8694
494 347
3780 8066
8437 4070
5728 8196
2640 9500
9178 2085
7355 6316
1522 9078
6277 3281
4801 1549
5315 6289
2902 9769
2542 8527
2207 8732
3984 4641
6574 8897
319 3638
7673 8853
4785 2063
7 8229
8632 511
7026 7269
996 9221
8434 8155
9247 9262
1165 2781
6307 8204
4959 1791
2620 8235
7381 2835
8245 8389
993 2216
4863 9388
9830 6796
9512 7485
9324 5894
1537 7313
2093 5365
9040 7755
9301 8475
7834 5828
9274 9092
742 6386
9527 5782
9456 5018
4318 6495
9558 9243
2690 1774
9092 6055
5706 9530
11 8441
2847 7932
6790 4729
5091 8749
2704 8659
4763 7106
9262 6079
1815 6672
606 9665
4869 7767
97 6345
4072 437
3007 9096
3703 9202
4875 1251
4849 3643
7595 5422
9271 3128
7468 5440
3219 520
5521 7799
6751 1983
8907 9389
9458 2017
5884 5468
4321 8682
6837 8781
2648 4653
289 9413
8616 8339
6562 5250
7646 1207
4808 1217
4834 5284
8676 2037
4066 6627
6732 7799
4973 9752
2715 6206
9418 7119
4828 1305
3046 4034
6655 2337
8325 9084
6756 7237
636 8097
7891 9074
7024 2685
7866 1043
3478 5272
5321 5687
8653 465
622 9299
8429 1601
9727 358
652 2075
6637 2532
5285 5424
8247 3705
5620 5287
7286 6064
5025 4072
7368 1622
5510 3285
5657 4600
458 8453
7521 5649
5782 3777
1366 8449
2693 1845
8241 1301
3074 2290
4900 7602
1859 9079
5549 9552
6866 9430
746 1107
210 6394
4194 5141
572 3857
9013 3059
7637 4308
4449 5060
6628 7626
8676 9727
2568 6911
9964 233
3231 2323
8836 9137
3486 8203
6197 1919
6672 5430
3445 9983
2733 9657
9314 8338
5324 6618
7664 1228
3722 9534
9996 1615
1173 7305
4698 8882
7360 9522
3237 5760
1448 456
9686 8259
3198 8212
113 4586
9422 9223
2764 4700
3188 747
1106 6132
5025 7685
1488 3631
9148 4518
6865 6553
4762 4864
2128 4148
8283 5387
6469 9013
4420 4902
9948 7474
3424 3786
1613 9979
9536 6827
2470 608
6821 7171
7743 1012
625 1714
4183 9235
5295 7236
2442 9728
2112 8631
9747 9364
9913 6369
3307 5293
9727 9780
6096 7269
3216 1942
6988 2255
9810 2040
5634 5495
7028 6003
3297 3933
1714 9262
1035 750
7726 5763
7097 2367
1356 4871
2482 2299
4198 7349
8311 4109
6479 9636
9350 6722
5049 7321
4233 8862
2202 6983
9294 3752
7549 8478
4159 3098
8390 6151
9393 4765
1606 211
3155 836
8862 9904
7053 3520
1507 5448
281 9938
7502 3680
3569 2680
9740 1122
6422 8646
9496 1776
651 1147
6594 7969
4534 7201
9319 5285
1383 8023
7766 2206
776 3236
6967 9761
2771 5679
4467 8563
396 5001
2104 5180
3369 5991
8461 8063
1850 9001
409 8423
3739 5432
3116 4109
2166 7468
1826 8630
1964 236
1438 5022
4218 5604
5787 1709
2350 6044
7485 3503
2186 8520
3180 3772
7950 8563
1261 471
323 9330
3114 4656
1322 6432
5275 613
7759 5044
2356 3463
8031 4247
5434 3926
6414 8539
4822 7374
7105 3641
565 8814
1062 1691
2744 3994
3183 7106
9919 4877
7718 4879
7971 1909
2250 8546
3315 6472
650 5187
1284 9652
8984 557
7681 5814
3301 7702
2727 3752
8146 9213
3355 2347
1424 7266
8852 1610
2234 1984
9575 9456
4840 3047
7319 8872
5905 1066
810 1029
8386 2789
9982 9037
3390 4519
3932 9036
3270 7430
8196 7205
3494 6220
8183 3320
8662 587
5583 6815
6199 8082
3436 3397
4563 3115
2857 6605
8720 7663
6484 5973
7097 5308
5667 7049
8000 7400
6175 6729
5317 3564
2467 7116
5700 2593
9582 2853
3896 1941
5100 487
5755 9231
3532 2997
8058 5338
7016 1997
1345 9400
4888 4006
4583 7069
1330 2260
4958 4208
9026 9986
8607 9582
4773 317
3984 730
918 9747
2378 1439
8168 8219
2192 1261
2235 7021
6577 5151
1301 3975
3454 5611
8322 2811
844 8178
3992 1476
5866 3768
1472 5994
6569 3565
4350 9899
1212 4060
8539 2521
938 2488
8017 1853
9801 126
3552 1725
6488 4859
1405 6481
3396 8783
1835 2997
84 6504
5150 8436
1878 5162
4202 367
6474 7071
1840 8802
7112 434
2588 8823
1716 1360
7399 8097
5784 3301
3289 9746
4383 5040
4250 8825
6437 7689
1422 889
9000 3242
2900 564
9181 6951
3812 466
3861 7722
2200 3254
5661 5102
9487 3057
7512 1955
4154 8837
5651 8697
4826 2553
9232 5001
8508 9214
4417 5849
9052 3402
2588 7611
9605 161
6863 9629
6245 827
1289 3724
8962 7114
7166 3290
875 6676
2720 1839
5846 7018
5902 8114
6557 7967
2016 7694
3223 9483
7344 5442
9899 7755
7751 3375
9079 2668
5386 6760
841 3406
6387 350
651 6220
8353 6152
5815 6023
3908 1855
7259 9627
3586 17
3864 4004
7403 8128
1526 1012
5107 8058
8086 2483
4829 6736
7159 1520
8620 1715
6046 7182
2460 709
1225 5174
3090 4737
5618 6502
6231 1693
7785 8760
6126 4693
1835 1513
3281 4283
7581 4541
4680 1890
2587 9486
5983 9804
4867 1853
7951 319
2010 5992
9737 9266
5364 3474
2223 1752
4400 39
3120 569
8173 1969
4996 4637
8397 4642
1209 2761
5633 7457
2531 3472
1652 2739
7556 5928
8258 2200
1533 1478
6765 6834
1559 1308
2411 6149
7377 8739
8597 1687
8782 1595
2404 2965
148 7165
9914 3774
3715 8545
9575 8427
5510 3175
144 5392
3344 4863
2041 3787
2739 3703
4239 2832
4211 5809
241 218
5983 6280
8464 5533
4330 5084
9955 9986
2806 8098
195 3085
5687 8292
6782 9071
2251 8705
3376 2379
7977 839
9529 4012
5558 3668
1555 3961
9945 6309
9726 5709
9782 5710
4682 5514
9649 1889
6324 4053
7200 8718
4362 2467
614 8963
4434 3962
276 8406
5316 7557
4383 3433
7318 9193
5074 6885
2553 1607
5061 6296
4700 3253
350 9727
6639 1748
4705 2487
2549 6200
8674 5476
7211 9881
1802 9952
8235 1200
934 8285
715 9879
7424 2919
7108 2554
4894 4225
2841 6530
9420 8925
6024 2606
6293 8135
8282 1786
2048 1213
2033 8692
3112 8870
6298 3600
6972 6816
6971 122
7310 2986
3987 2692
6426 7891
487 4306
614 6696
3804 5095
9077 3263
5158 3970
10 9057
6699 9145
6142 7877
6247 6161
2904 2610
9830 4005
163 9756
9005 6896
3242 835
152 9008
9197 3136
3132 9366
8856 2804
6968 3606
3209 5710
7369 1405
7008 4586
1206 103
1641 6889
3704 6186
6171 1680
3113 759
6418 2727
1137 3992
5692 7484
7325 9972
7877 6474
7518 3895
5385 4451
1141 2092
6780 2493
4175 2514
5693 8408
8 2338
190 5271
4114 48
352 6507
5152 8575
9500 7425
1838 8669
898 1200
8993 2386
9426 6700
1776 2417
4939 4234
6929 400
623 1147
5623 4522
1351 4483
4768 2674
2445 2756
8504 2503
589 1384
2320 3629
7599 5044
8038 600
6947 5352
9631 3001
7321 6510
9538 6622
9988 4866
2831 4155
9612 762
6134 618
5782 261
7336 6902
7791 2722
2293 4484
328 5189
6075 1363
7533 9028
727 8466
6537 1393
7625 3891
2792 3525
4221 2161
3256 9758
102 7413
5985 1952
2715 720
4808 8801
3434 5509
8580 9295
8238 6000
821 529
3682 2215
6839 6311
1236 5798
8397 6378
2415 4387
4349 8303
1410 4160
4806 8216
2012 82
2839 3430
6865 3677
3032 6768
7943 9345
53 4514
9378 9507
4432 9219
1548 1208
6132 5875
425 4338
1557 4432
4394 7967
1660 455
9954 8667
3278 3818
6456 4259
8013 6440
4601 2762
1377 8085
8539 9109
3244 6034
3525 8557
6195 5346
1057 7556
1330 7226
3264 6291
1348 5588
8272 5577
4147 1938
7038 8580
5399 449
380 7705
3836 952
2586 6973
7658 3790
7050 5684
857 5648
6266 3369
7422 1966
9907 4162
9843 1503
8613 8593
4162 9518
7284 989
6143 7507
5027 5523
9194 4073
2421 5445
8482 4826
3746 9786
6398 6422
3953 7453
6204 4365
5231 1704
8607 2664
4727 44
1212 8580
8012 1845
1180 2996
3487 1850
3865 7524
9835 8000
173 8328
1015 8314
3128 4478
1326 4233
4196 3517
9272 2276
6481 3138
4457 285
5781 9338
6892 7118
5345 8765
840 4407
6796 6778
2662 2949
2483 1962
1735 1507
1437 1061
6405 246
8237 3769
6743 6940
3818 1281
1029 5604
110 9958
5726 8855
1106 6083
6295 988
4584 4146
5119 3860
991 8262
3356 3145
4878 195
9828 9426
6731 3924
2769 6423
4886 8115
2703 2846
6631 398
3210 1479
9033 4496
6116 7935
8412 7144
6672 921
6843 2203
3321 9241
1979 7127
4890 8358
1792 8315
7515 8035
5941 9034
8818 745
932 1286
4118 4887
6302 9824
3912 8723
4514 9298
9156 8825
9466 1455
173 9368
9241 5650
1277 667
3401 9714
7942 1909
6656 2049
7645 5394
9410 6300
8103 1194
2137 6569
7090 9257
8201 9225
4762 8533
5369 7756
6903 7556
9963 6778
7778 7767
706 218
603 8428
1692 6521
6875 611
277 4767
6484 6947
461 8687
9546 486
2862 7837
4129 7980
2363 327
4508 6868
1120 4930
7246 8153
2341 6350
3637 2076
3416 6877
300 8965
5356 8396
3456 2184
6510 6537
5651 1336
5456 6960
4579 2610
6506 2683
1170 3124
3594 4064
350 1228
73 3985
8551 1559
6484 7757
6073 3294
7956 2687
7643 4658
8595 5835
583 2340
5377 6418
4916 3957
2982 3484
3863 7213
1155 7274
1853 5430
6427 3576
843 2067
5261 1168
360 7622
3996 6808
7632 5494
2490 1398
5706 5841
4427 8313
3026 6847
9585 7871
386 6475
9214 1697
6982 9681
5950 2127
4854 2706
9290 9462
8274 6588
1205 3206
235 2190
1152 4553
5990 7669
7049 5704
8769 974
7212 3113
221 9556
7544 3027
3326 5936
1862 4642
6552 764
7741 139
6241 257
9225 2710
3625 2367
2385 9395
3801 4449
5299 7724
3866 477
2134 5047
9595 4729
9988 3835
1281 9187
1704 9148
9456 8435
5349 4182
3396 1839
8595 4651
7865 752
3674 7264
3453 5500
4686 3317
9036 7969
6366 5604
1937 268
4488 6647
6288 8038
2576 5480
2148 8199
6105 1869
2611 8197
8617 5352
8061 4986
4700 5717
1627 1975
1630 5018
3325 3959
3464 5461
2257 5945
8742 6162
8564 1334
3208 9973
9776 5159
8085 3115
2103 7869
7517 4825
9274 7354
359 5789
2680 2609
6838 8305
7302 4612
1846 2963
5527 870
3282 6459
1418 8530
2247 1393
938 983
9455 354
8034 5612
4307 7987
934 6759
1162 4902
6746 4329
6495 2987
2136 7505
5633 7556
5179 3734
4055 1735
8364 1047
955 7182
7359 6267
2592 7438
3368 6920
1040 9590
9898 9134
1619 8623
2968 7222
8474 4218
7835 3148
5613 2661
1734 5461
3745 9683
8826 8134
7930 1271
903 8006
5902 1698
2021 916
3770 4545
7890 5346
6777 1809
3732 9885
7664 489
4328 5677
4385 5812
872 9725
1220 5081
9122 728
2058 4905
5301 9993
171 2584
4494 9928
3028 6894
9769 9433
963 2186
8729 5820
9317 2146
1216 5426
8787 4139
4170 2226
9204 5032
1208 6714
8961 371
4073 1273
9067 1842
9625 7980
2725 626
348 6299
8825 896
999 6422
6453 4248
6923 5727
9513 8432
9194 686
3405 4344
7767 9809
2094 9972
9013 5676
8927 8653
4284 1404
1407 4079
6640 5070
4523 9028
4216 2881
2177 8474
9920 2417
4348 7446
868 8632
162 1483
4076 8906
1125 9086
543 5514
6671 6914
965 7859
1149 60
3151 5784
1141 6130
219 6816
6311 5695
5902 3909
1389 4706
356 7524
8302 9009
1799 9215
4365 9440
6197 5193
4877 1665
836 6076
6659 4012
3762 6807
6657 7519
6482 8044
144 5357
3111 3480
7925 598
8374 447
2414 1823
7464 9769
6259 5262
2715 8745
8289 9035
1018 9730
1591 7878
6831 8854
1840 5783
5136 6695
2300 1851
6293 9184
9958 8786
9307 1102
6377 2217
8755 2943
5176 993
1972 5287
6109 2820
7792 1438
4221 137
407 84
5653 9801
5419 496
3025 1232
7412 1840
3012 2722
8944 1336
8948 2980
7752 2512
9286 22
8420 971
8588 8831
9191 5335
9016 8701
8528 8730
9416 3167
2868 9594
3237 5512
2690 956
3189 7799
7203 1423
4041 5525
4543 969
4861 5906
8241 5850
6931 8273
3641 5062
1575 2082
6035 6865
3823 7738
8127 2438
646 6636
9416 3548
2124 9271
110 5433
5667 1600
1009 3918
7536 3974
7012 6041
174 9570
3100 2832
6243 7460
6024 9961
3841 465
4487 1621
6948 1151
7067 3805
6271 299
844 6107
5775 805
1772 9378
8524 2480
6135 2205
7143 8941
4670 98
1556 9874
1006 1503
8902 6251
7159 6866
6242 672
4710 6551
9330 4987
2414 152
8545 4236
7409 2791
8782 2630
8502 9778
6109 3132
1020 5075
1282 7774
6645 2014
3095 2808
4053 3170
7799 163
5270 4954
9540 5513
9882 1622
8182 6460
9593 8427
9592 5045
9052 4343
3019 3009
4680 9841
6384 6649
8800 2320
4389 3957
3822 7969
4833 7646
2336 858
3300 5508
4243 1273
4195 6037
4370 765
3196 4540
2964 1521
9624 3192
5794 6270
4552 3957
5121 3985
4906 198
3263 7383
7494 1085
2198 7720
4836 2896
3573 9193
2920 8491
9956 9687
6211 1615
2602 3328
2259 1969
8635 6587
8497 5340
8642 400
6866 7641
4412 7911
4249 8588
9017 4730
7550 9023
3766 2495
1128 8942
5524 1940
5873 1861
9631 8828
2795 2668
2803 8687
5073 4575
787 834
7733 259
4501 6798
6287 7609
7628 7033
7234 5447
9845 9989
9768 1664
5205 4625
2042 983
7184 6846
3405 7494
2523 3852
1015 7863
1783 4015
60 1468
2947 5425
4978 4973
4475 5133
7865 5465
8065 7912
2536 6146
2778 9321
4513 8255
1570 6217
1895 3807
464 7432
6697 6770
7771 2347
489 4241
5931 7217
3081 7085
2505 3133
624 6443
5488 2718
8233 997
3585 9446
7703 565
3408 9858
9970 8466
863 9973
4312 7375
9130 7127
1424 7715
1386 6174
6506 5087
9546 7587
266 6509
7069 3284
5146 7424
1252 6446
7760 5753
8481 7838
9946 4842
2056 4821
4384 1621
2652 4691
8321 1877
3448 1108
756 9606
7753 9463
2609 5324
490 9094
3449 7722
3918 9397
6166 8668
5731 7295
4859 2331
9609 3196
3679 4547
1229 5381
632 2609
9294 1197
7255 6010
1101 8198
7394 7878
8327 4825
6609 6183
9564 8261
9565 9373
4441 5032
7912 2081
8635 7706
2504 6564
6353 6609
1591 8123
2382 1031
1251 3039
9878 9126
3789 2306
7364 2041
4657 5814
2793 1496
3866 4072
8361 1787
5477 5123
4563 368
4264 7322
8475 7635
3759 5546
2416 8953
7735 7274
7426 963
696 6957
6728 628
3206 8287
8477 7414
7538 9010
3856 6829
9006 5626
8763 127
5046 2605
1004 1071
4367 6128
1699 6970
4359 4967
1920 1009
4458 2420
9222 1636
8240 9930
3665 7171
3105 6061
5709 6633
5569 334
4494 878
3436 5185
2031 9970
9141 9067
3068 3240
7255 3813
2911 9991
4773 5718
4057 1360
8935 9942
6906 6618
1042 3966
9144 3752
9212 9190
5261 5975
7673 6671
3289 3517
1093 4845
9867 5794
3833 9762
4127 9008
579 3006
1900 7980
922 1409
5749 8708
7560 4652
9079 7916
4781 3951
5464 3619
9171 2388
1455 9114
1517 2062
5911 3611
4397 2346
7311 8393
7280 6202
3521 2074
4843 1498
9355 8129
9435 2054
1718 6123
5513 8254
8834 4652
3118 7977
9511 3847
134 9280
6066 5882
1049 1528
63 5319
3480 8939
5922 822
8385 909
7621 7850
3838 7966
1889 3545
4650 3748
1279 4249
582 2314
5371 63
8185 2511
9730 4178
2656 2042
9927 9993
5243 1225
3746 7414
3344 8506
8882 5298
9467 2204
3674 654
1004 3678
3691 5532
472 7532
8256 7051
8005 3405
6132 4040
4324 521
61 9233
6963 847
9296 7333
4826 8822
8006 4219
6556 4195
1981 4885
9031 5023
9708 1521
2860 4961
7301 573
6299 4783
9505 2941
1245 846
9862 9914
8813 7191
1029 7625
2159 7340
706 2449
1871 7717
9043 4200
2787 977
539 2392
1094 8025
6752 2223
325 8670
8502 6645
7972 2877
4901 2181
6762 8498
3468 5943
4566 1132
7574 7859
4415 3311
1671 645
6821 3240
2383 9390
734 8480
1451 6228
8842 2399
3922 5773
7969 6720
2623 9800
6581 9079
1451 7002
7539 8522
7037 7790
5388 2030
5842 6704
8713 4259
1543 6631
1567 5178
489 3175
3944 5296
9485 1939
2659 1283
3961 8674
5296 8306
7714 5767
5240 727
2638 4130
5116 8303
5786 9226
3248 6291
8741 5221
7041 5309
1205 2064
2586 8143
2758 1401
4962 8084
3182 447
9112 4803
4779 8796
7207 6484
499 4290
1994 6112
9571 5199
1018 3812
6768 4467
5755 5651
2444 9011
2840 7763
2120 3836
3121 6153
7240 4901
8640 9717
7745 4505
8736 2799
5038 6882
3370 7576
5652 6649
3031 5351
4799 298
372 3181
4686 6873
5432 212
7334 1727
756 4294
5278 3564
521 1549
9401 8479
1776 9309
4891 6066
7077 7862
1957 5485
368 9669
6821 4169
2774 4784
2629 9589
5435 408
6411 9895
9289 7628
4749 7700
545 78
7096 2137
9056 6601
986 955
3943 358
4939 7549
5932 9422
4264 8710
6666 3867
851 6519
6896 907
9180 9773
6586 4271
6945 4239
8787 5758
6836 5396
6704 474
5144 3480
3014 1861
7473 2379
8022 976
9184 7643
3348 4683
3924 1649
8624 8169
9886 4638
7033 1850
1819 1224
8597 4843
2740 6846
6240 8310
1283 9123
5501 1733
5329 8794
7245 755
2954 6675
8426 9539
8137 7278
8380 4124
8625 5427
3238 7202
8745 457
2246 7768
8846 9098
8171 1666
9300 3219
4691 736
2769 5792
4621 4905
4823 8472
4002 7597
8997 1525
4633 631
2786 9750
8389 7777
9698 7814
3583 7336
4827 668
1684 3565
1232 182
5433 4290
5090 7910
687 3764
3249 7130
3844 5122
27 3449
8280 7537
8696 730
9376 5402
6338 4743
5850 835
9818 378
600 6889
9415 1358
9924 3648
9829 1296
6379 7428
6380 3450
2564 5959
43 7141
9387 5842
8372 2302
5195 7522
1830 8070
8235 2197
4425 1568
1616 5188
8916 825
311 8504
3080 4234
4347 85
9366 1527
7409 7201
7979 2717
6459 2066
8708 4292
994 4501
6958 9146
4768 4598
9779 7124
8753 1138
6219 8247
9388 53
1340 5275
1847 1292
8956 9069
5581 5098
9742 1892
5030 2098
6644 6878
821 7633
4635 2020
7744 4941
4441 5489
3241 8526
7170 4044
5659 4256
6877 9026
669 8186
3188 6549
2591 6938
1109 7685
9668 6158
3610 6048
7138 8441
7965 9505
1517 273
1679 9368
648 2552
9978 8135
7175 3045
4501 4823
6015 9384
734 406
3984 8768
475 9522
2171 4021
4655 2418
3486 4455
4938 173
7041 6386
2663 5843
2142 5911
516 5151
983 6130
6033 9600
2427 8937
8325 412
1073 8383
7776 4453
7725 7522
3748 5568
8221 3686
8415 8589
6290 2266
8185 6594
8485 7628
7280 2679
7237 1003
7261 1540
7636 6293
6042 8232
5425 1674
4529 6178
8766 4023
2024 6206
8398 1993
5297 8636
3170 8736
4819 1310
1613 4704
8044 1862
4832 198
4373 1169
7372 9575
7282 8694
8128 6869
3293 7441
9480 3418
2410 9313
341 5058
5972 1896
280 7265
8765 388
971 2315
1021 9764
4826 2726
4141 4174
9392 3784
8755 2915
10 5926
1755 2809
4484 6045
2649 4530
9202 9150
4703 9967
4341 1086
2088 5960
4694 8770
7763 3689
9160 6478
2306 7559
9243 4958
5722 2270
6791 3713
7575 845
3941 2594
1599 7334
8561 3686
7690 8600
9541 2931
6612 8525
5996 8884
150 4373
551 6074
4611 540
7356 9327
7722 6028
7644 337
6777 7861
9252 7358
6402 2200
8687 6497
9029 1490
8630 3203
5869 2149
5943 8428
7434 4851
5862 6799
1767 2544
1504 1651
7432 3427
5303 2907
919 9949
9622 8321
1761 985
2152 2207
9626 6977
9794 975
4496 663
2142 6347
3673 1919
2038 3610
9008 7118
7224 303
3025 9644
6998 7224
3464 3280
3999 991
67 6920
4880 9489
7043 3610
8597 1909
6397 7750
6944 7482
9661 7802
5586 6078
5526 3974
4546 7584
4157 1797
1581 1063
3497 7312
5925 5907
526 8891
9383 6048
2197 6851
8150 7518
1659 3138
8402 2982
7023 6902
3279 8307
5092 9130
149 2507
6693 7306
5175 4821
1986 6511
8661 6674
3137 2667
3980 1865
4886 3539
1151 2426
2030 8942
8802 8815
8457 6952
3284 3044
7101 1214
3405 5879
8383 3380
8649 494
5347 5740
1604 2984
4731 9481
9675 1123
3228 874
188 5250
1493 8315
3298 2115
4725 2921
1800 7309
6417 2158
9831 2793
1029 7710
283 8672
9675 399
1594 9593
3550 6214
1953 8013
6659 5734
7606 2870
8883 60
7235 5837
3574 4835
9851 8186
2359 2565
1229 7787
2042 1199
4099 2172
2033 4261
1836 9721
2927 6836
1389 6281
4438 1523
3560 811
2072 9284
7047 6081
5607 4459
8884 8287
7564 6418
8424 4609
8955 3021
3020 8985
2910 2522
682 97
9012 6805
6452 86
8880 7960
4637 6498
4398 3147
4408 4200
6369 7281
577 9644
5223 406
2636 9865
6512 7691
9376 3240
2474 3648
5374 4232
7983 3812
2863 3282
6326 4131
6490 2134
9628 7600
848 6404
4253 9566
6050 4014
6578 468
83 2894
5936 8570
5054 3424
6538 5756
8110 503
372 7427
6653 2397
3851 7027
8213 2055
5716 9663
7878 5916
210 6115
9459 5564
4452 4355
3752 4231
1301 3558
3325 1242
7639 6490
6405 5051
5342 8908
2286 25
6143 3812
187 4410
8129 6637
8407 4692
5339 6635
5974 1464
1483 7984
1390 578
996 5025
3421 8157
2682 3956
8927 5594
4637 8508
3292 1205
7092 4761
7494 8520
6606 2317
9521 8460
9285 2742
8589 820
1250 2909
8623 6851
8381 7640
5265 4351
490 298
2828 6997
9206 2290
7215 3850
677 7466
8190 584
9848 8013
3658 9420
7628 9787
1672 3363
9567 9397
4536 5173
8486 6020
4572 2892
4764 140
1309 6885
2103 8394
2994 2554
2678 6416
3209 1822
1173 4618
7460 4288
263 4039
8682 7290
9378 3419
7708 3767
5661 1301
7100 6231
2733 4807
5353 2657
601 5194
482 4670
3895 1176
8991 6033
217 206
5482 211
6859 6531
2115 3399
5445 6263
6334 6074
7377 9455
8316 5853
1516 7474
1842 7979
857 2997
2580 7700
8827 4653
1953 6457
9439 3506
6170 6939
5023 4635
3666 5847
6478 2358
4702 9732
6188 9194
5378 7993
9555 8991
612 6571
1263 946
4133 4308
2909 9815
5719 8788
9102 6315
9010 1484
6262 9182
7820 1665
6193 6981
8223 8529
4039 9238
3635 1343
2431 535
4879 9852
1487 2127
5303 7410
5224 2547
4255 2637
1358 2240
7106 3550
8277 432
7325 8275
1307 8836
9288 4662
2353 5620
5598 2407
2764 2307
7619 5112
7962 3707
1684 8983
6148 9111
9375 1136
7617 758
8494 4451
1146 5257
5303 4558
2818 4789
6052 3381
2521 8258
9904 8676
9873 2790
1534 9181
791 7470
2992 2521
2594 5318
6605 5868
5486 735
3601 2981
7892 1258
4354 9234
863 8659
7532 6289
9375 4775
8940 4874
1332 6482
3795 3737
193 908
2042 9105
9255 7995
1903 3385
6435 9373
5167 4845
3644 1814
7323 1787
5090 6095
9585 7191
5429 6843
8744 269
9636 3177
1028 526
9423 2210
2672 496
6098 5604
2547 4774
657 3766
650 2874
7421 103
2427 3265
600 7891
2761 6328
1409 7801
4535 788
3776 9087
1079 8543
4581 8432
5035 2577
3428 9854
5399 4705
1363 4098
454 3211
5080 2719
9896 3943
7336 8928
4841 5962
9537 939
7485 7169
6028 7417
834 2890
5597 6078
698 1650
3504 9958
7397 954
1407 2025
7601 1574
9618 2939
1423 7671
7317 4446
6569 7870
1049 3789
8421 1931
875 7386
740 4139
6348 5499
5693 2084
7389 7460
3396 3287
3054 1792
7863 7318
5538 7510
158 7875
6073 2865
1325 2919
2308 4624
3460 9339
7414 1386
4764 4967
3826 7340
7853 8322
3005 1213
8620 1438
5649 5049
1413 1473
1968 4358
9291 5494
2089 4601
1437 2719
7382 1985
48 6708
2074 631
9624 1525
3700 1772
9066 8947
3022 4471
8250 30
2034 224
9367 448
2047 5034
2409 2543
3891 7230
4421 1377
5713 9456
4216 5663
3561 9720
1752 135
8892 9974
5203 2310
1347 678
1883 8951
9017 4858
642 1582
6866 9878
6195 1501
8295 7495
9046 3773
5794 6663
4066 7728
41 5025
86 2949
7858 9357
9836 1403
3048 4460
2732 7089
3509 9920
1729 5790
7576 3529
9981 8384
591 4966
6852 6076
5511 7094
4305 7210
5082 8553
9917 8106
8988 1566
4511 2602
2521 7904
6640 2026
2842 462
5613 7599
5600 8142
9490 6597
6668 7303
1300 7643
521 7408
6124 5449
5130 9012
4248 2727
4264 3261
8513 4322
3619 8612
4508 4419
9794 8174
7526 2577
1718 7967
9367 5966
2496 482
8419 8035
2178 2419
4696 2625
6522 1952
5454 7835
2605 6488
183 8325
5502 1255
3448 4760
4711 2140
5941 8963
6781 7433
5388 3017
1671 4731
4018 1732
2218 2190
428 332
3101 9040
2819 5976
8578 5814
6052 2638
8332 6396
828 5371
4432 8223
3336 2254
5544 6999
7156 6154
9868 832
4221 7365
922 2970
2171 8235
7008 1855
1880 2575
1096 9724
2258 8556
4339 729
1083 8722
2498 4544
6120 2230
2218 8213
509 1346
8581 3333
8556 6166
7293 3715
3909 459
7964 1283
8678 2876
1244 9589
7722 4339
4300 5231
7118 757
8045 124
2000 7029
3868 322
2484 5286
3799 746
725 6953
6257 9462
5550 23
1605 3280
3701 8752
791 9312
2486 3817
1615 3838
1397 7301
6561 7126
9867 3880
7075 7631
2992 435
6688 5407
3430 6628
9319 2508
9396 1914
6737 590
3174 3592
3884 1692
4665 2282
8868 6000
1591 6556
7688 9980
369 5978
694 9256
5587 9126
5941 4892
4960 7530
1432 975
7335 4846
8375 2094
2977 3179
3005 1482
5033 2454
6174 486
8310 4818
8117 1320
4175 4005
7635 5013
2271 7630
1908 8837
5074 7071
7931 3808
574 4883
1953 3984
1200 3725
3650 8245
7586 1314
5927 3414
7894 5146
4459 3614
5658 6389
3768 3189
497 7117
1453 6182
2664 9610
189 7051
687 5516
5956 4719
1682 5147
6150 5841
953 2091
2605 9319
3830 3300
5464 212
7832 2919
8573 3232
2762 1802
8848 6564
721 7187
3662 3541
7421 7134
5058 66
8760 7484
4543 3941
5221 2367
1359 7435
2573 5186
4264 693
8577 247
4069 7729
4252 9262
1374 3028
6615 337
293 6966
8211 3401
8990 7601
2001 9188
668 6568
2483 5794
264 1964
5961 5845
3057 7490
9406 2312
4648 515
481 7137
3302 4893
9370 882
7909 6548
8708 7174
5428 2838
2361 5607
9909 8917
9472 86
1563 6755
4705 2288
2210 8287
2354 2189
7206 2627
7446 6428
2610 951
5424 2245
1698 2368
7501 9147
954 5357
1614 2618
2420 3885
1143 8968
120 8736
2311 2897
1051 9729
993 7202
5651 4246
4162 7839
4842 5269
9582 958
8767 5685
6640 7982
6709 4428
8987 6526
4030 6071
6320 1368
9977 3981
632 3904
723 16
2777 8496
7038 3045
2510 6970
5868 3501
9860 4710
9713 9331
3590 2098
2055 3486
3070 4088
5896 6567
8072 2862
9920 568
6989 3847
2370 1192
258 3957
218 4179
3941 8557
8424 3457
3799 6146
5434 3082
8824 9358
769 2675
9326 3428
4550 7608
3508 3445
3134 9966
8652 8930
8470 866
4682 7187
3761 6425
5777 5401
2334 79
5175 1231
6826 2508
8572 8634
8306 8557
762 1734
5168 6483
4491 4845
2998 4625
5827 7292
6011 1694
2272 4874
721 6660
2368 5298
8497 3479
515 4724
1275 5117
780 9096
3650 6404
3248 2695
6882 7216
5588 2518
1352 7314
1894 4983
3188 638
288 6918
7329 5999
6351 3026
6670 1508
4724 379
1360 2610
464 8492
4247 6476
5879 7725
9940 4281
6524 746
9400 1162
3177 7452
4941 4048
873 3932
1524 4044
6278 8750
5058 3878
4043 4146
7250 3496
4655 15
387 394
6616 7277
7875 3138
1799 9648
9958 5299
3521 6259
7920 7069
6902 9125
891 7665
1003 4364
2281 6880
3052 9670
825 3613
5981 3359
4434 4394
4056 1833
2632 5130
8018 5715
1385 4630
7428 5351
2258 6873
5872 5982
1558 752
309 6055
7682 7445
9570 8760
1988 4163
8662 6093
5593 8409
2060 4098
2214 5912
9412 45
269 4370
2274 9863
5507 2853
6013 9280
8999 865
9531 1303
3601 308
4908 8060
7026 2849
7500 6964
4687 6691
7876 3883
490 8244
1105 8450
8059 9836
3517 1538
83 7764
5548 8371
8079 4726
9647 6519
121 7958
3939 2166
9668 8903
8738 975
167 4406
4728 7221
899 5077
3376 9506
302 7205
9702 7971
5406 1650
1375 439
7341 8251
8323 6036
9161 8034
3233 7791
7009 6684
175 3460
557 3546
259 8911
9045 4392
5368 6315
4503 1000
9870 9732
2006 5260
9499 8955
4772 4284
427 9133
8975 5479
2552 9725
2719 6894
8345 2425
3184 8159
5084 3246
8880 4273
6585 1491
4548 47
6213 345
5452 3481
1847 176
4122 152
1374 3852
3602 6
4491 4605
7117 1148
6672 5424
5124 3759
3538 431
9689 3490
4916 3251
1605 7070
60 6906
7154 8425
2406 6599
8628 5914
2443 8707
1252 965
3087 7963
8729 4730
2261 5926
3354 201
6253 8277
3705 5177
1740 7266
8575 4831
9468 6724
8653 2609
2061 655
9592 4468
9728 1154
8844 6043
336 4328
8314 7625
196 8891
6648 5297
1003 3667
9108 521
6977 6243
1203 5582
6315 6331
4933 3027
6637 4247
8669 4064
6461 1915
1003 9190
4226 6427
5103 3807
1692 6453
1017 7613
7113 1182
1542 6338
6698 4100
4493 1153
9640 5525
5736 7130
4218 3218
3401 4373
9565 3260
8171 6738
186 8284
5631 4438
6661 4856
9120 5627
9036 804
536 8328
9105 9980
3414 0
3720 3451
4723 7940
7973 5340
1852 5034
6305 2302
8187 4975
2987 9466
4189 4948
6955 2334
410 2565
3948 4114
2058 3354
5322 874
75 4782
5974 3155
6409 289
2758 9841
9193 8757
5025 2469
6240 184
1455 8099
4822 6307
6843 2623
901 1667
8000 8731
3814 3471
1126 5842
5838 4353
1355 1677
3437 5122
7270 2526
2223 994
4478 8850
5855 4565
9854 2113
2104 8373
2290 4863
1709 4352
4080 660
7987 5389
511 1390
5149 4313
6199 9856
8239 1806
5020 9747
7067 8679
4885 9960
3258 9247
7036 8594
4925 8661
6902 247
372 7259
4534 6534
6853 8656
5119 6152
4660 1656
957 8840
9121 6074
9938 5171
8710 7616
6093 6818
749 6477
6611 4297
4732 2720
424 3837
5651 7520
6297 5114
5187 2570
9586 3280
2762 3165
7210 4827
6795 5912
7196 7055
3782 549
2897 1537
7396 573
4060 3777
2850 2947
7051 9268
4398 7496
7334 5577
2410 9675
4659 4616
123 5608
6252 625
6687 8114
3186 2169
6434 1747
4708 6740
6154 1707
1960 6545
7622 1563
4429 8413
7946 4288
7217 7595
3921 8441
5341 9790
5274 2858
8724 7823
1966 3287
9629 5086
4112 1301
9027 3162
8686 9136
3547 1472
4442 5580
4171 2743
1408 803
7730 2375
2539 106
9873 6294
8439 5273
9827 665
9269 8008
2719 7166
945 9506
5368 1110
6893 3801
2974 7543
9373 8482
1225 8389
7320 4085
1945 2657
7474 5697
444 973
5786 1091
1252 1585
3408 6412
9349 9468
7626 4070
305 6481
4511 1795
1730 9445
3081 4684
8980 5731
9900 5896
6126 9090
4522 1770
3382 7833
7077 4709
606 3913
9006 8179
5408 8818
3636 8178
8607 2668
1469 1718
5870 8363
5454 4812
6828 28
7564 5545
586 8001
2266 5488
8533 3418
5502 8211
7578 8569
6346 9772
9342 7316
1873 2260
9439 9221
9972 8307
1032 49
5817 9807
7425 1149
2905 6385
263 2542
8742 9431
2395 3550
416 6149
9955 1915
4308 6157
6608 1585
6410 1979
7883 6627
9673 9572
184 7564
651 2109
6332 6724
5710 7718
6480 8382
2171 612
9300 3902
8489 5077
9448 1249
9086 3191
9100 1285
9054 5910
3163 4433
3906 4723
2464 6506
9490 9449
4970 8214
7652 5125
2805 2928
8357 9480
6480 4942
1551 8127
5611 9335
8907 8973
8079 8479
848 7891
3949 1095
2661 1956
5446 5100
9539 8224
3765 8685
869 68
3977 3075
788 7486
22 8418
1636 1188
7798 1572
8323 3499
747 9976
8683 2787
4795 2514
1063 3484
214 2296
7810 3041
769 2420
1310 7736
7949 703
2988 9223
7334 8848
8939 445
8561 2531
5793 1824
3096 1101
9937 4910
8499 5795
18 6677
9531 8330
1372 9549
9089 116
3541 9992
8083 9697
6240 4424
9761 1653
4619 2209
5357 2551
9968 9879
1597 6325
11 4330
5361 2171
4059 4755
7260 2875
5093 4507
38 788
2834 5746
8990 5175
3448 471
8124 6619
4132 702
7237 4674
4546 9261
4890 7712
8308 767
8677 9947
3674 327
5072 725
8819 9341
1808 2614
4226 970
2692 3079
8865 1220
4692 5572
6957 7795
1558 8790
5047 9681
852 5597
2831 2535
7681 5345
2701 6803
5923 3253
2670 5053
8361 1430
8175 753
3414 8954
1317 7084
1874 367
1351 3137
6236 8125
2040 6551
8957 1444
6026 4340
6671 772
7328 8354
5447 1934
2458 4329
3722 9860
3658 9419
1706 1056
6575 6607
9669 4816
6041 9403
8485 533
403 3142
6221 2670
1976 6532
571 8331
8780 2178
7891 1540
811 2630
6050 4597
1061 6295
8859 4067
2032 9369
2354 399
9422 6660
5872 3536
9081 899
1483 3906
8589 6621
9256 9655
568 7349
1472 957
7970 4970
7317 4017
6440 9547
1026 583
9973 7798
1429 5507
4524 4130
6788 2656
6592 2318
6595 513
4323 1785
9126 8925
3880 5822
847 9205
514 4013
9521 963
2903 8513
3273 4699
8918 2308
9590 7632
967 1351
8100 9282
9471 5901
8655 653
4647 3937
4497 8964
4138 2102
5784 5102
4929 8949
1477 671
5331 1201
6393 8435
7341 985
1030 7546
750 3210
7139 7399
1753 4672
4408 8951
9570 6012
1594 3428
4652 9420
908 4657
1535 1921
7247 4974
4023 5626
4516 7782
8767 5022
4186 242
1900 4592
5222 9394
8183 4112
8789 5407
3426 1801
8294 2023
9353 851
297 4790
5648 7756
3485 5196
2282 5807
6950 2212
7333 9952
4028 8767
506 5028
2897 4210
3436 8487
7750 1743
7413 1110
4396 6085
1899 3619
1307 8454
4647 3854
2192 5428
9014 7640
4683 6514
8263 4558
2691 4270
8071 4214
1715 5446
4060 6713
3541 7011
6187 9494
2024 1757
9053 1887
2862 247
379 3328
8338 4489
1355 4963
965 6797
6878 1192
33 147
4099 4383
573 771
9796 6218
4380 3843
2324 1317
1686 4615
4345 4446
6560 9062
3671 8347
2500 6575
8370 4637
8622 2544
5734 125
2653 7383
1687 9626
1015 6773
900 879
8632 2545
404 651
6383 8700
7956 6984
6670 5160
5447 2610
9534 8376
9855 3690
1241 7007
6152 961
9788 4661
6778 9914
3898 1368
3291 9278
4380 1913
7706 6158
2363 9191
3468 2302
6758 4021
7134 1819
1668 9788
355 5562
4929 432
7911 633
3396 5256
3752 1885
8503 4936
5778 1270
153 8810
6170 4857
4822 1993
2046 2796
4110 129
9707 1174
1412 3672
7798 4008
1248 3635
2642 5616
7913 2824
5820 1068
5885 249
8898 3947
8143 6660
3752 7602
3271 5717
3577 4108
9692 3035
8571 9687
7110 2384
7082 1227
2807 5517
7315 2632
3412 7161
4793 4592
7626 7264
5495 5986
6830 1326
3730 6142
1116 2080
884 9044
2936 7172
5426 1414
4411 3374
5723 8190
2706 8126
9637 7076
5235 4523
4761 5094
7519 7915
1201 3432
3302 827
6394 151
573 6456
7137 7917
1033 2683
7223 3988
6530 8709
7777 3980
6331 6177
7370 8186
9919 2744
4264 3975
8896 9428
5608 9551
2856 951
5021 1716
3645 6510
6900 7138
5727 5564
620 3896
3018 1319
4700 2326
7402 9950
4163 2727
3501 3973
7364 4159
5879 506
8425 2123
5693 6324
4144 9434
5731 9618
4713 343
3791 1376
7058 1877
2477 1642
8174 299
4265 7464
972 9590
9016 3078
9535 9247
3905 9105
4970 841
9246 1200
7573 1979
2875 511
8138 4987
5024 3866
9746 4239
3299 3394
8989 8665
6296 5122
7772 6677
5570 2514
2357 1530
7715 611
430 7143
9623 3017
3205 142
140 5921
8568 9475
1528 5916
1464 6996
5772 1109
687 194
2459 6181
6525 3259
3336 5606
194 8261
6779 6408
625 5252
416 1154
4404 1696
3836 3304
3211 813
6938 3835
2 8074
232 9870
8406 7205
9775 8057
6294 9680
1620 9875
2126 8872
4126 3910
5298 3222
5294 4142
1335 8695
1833 6444
1233 1809
977 2134
63 7180
1989 9279
664 9419
5644 7524
6711 6344
4401 5475
6880 5233
2230 2113
1000 5773
7382 81
826 1697
6462 630
4895 5537
7353 3524
286 1931
9068 8738
5931 1199
1288 6046
7207 1658
4103 8082
5988 1826
7056 7397
2331 6552
6214 7122
7208 8485
6262 1715
6287 8192
25 729
3331 4111
4050 2386
4960 8264
8047 7359
758 921
9235 1679
9149 436
4121 3291
5169 6769
5203 1754
4011 3801
4683 4225
1283 5749
3106 5845
275 1061
3349 1142
7785 7313
8749 4513
530 1264
4840 5558
3356 4111
1976 9164
6664 4568
176 9738
5388 8663
2619 7915
6754 9162
1312 9621
7957 4015
9653 207
9172 7659
8857 325
8677 4169
5704 5858
35 1882
4208 7317
4641 1034
5453 9227
5667 6320
479 820
7573 142
2977 142
1617 8628
531 3646
9183 1177
2258 7175
4240 6203
3781 8039
2939 222
6644 4834
3135 8272
7238 6642
6258 9861
7414 3831
8736 3184
9557 1242
7955 6503
6675 7637
7889 3562
4035 55
5565 3952
1293 9588
3669 1816
6196 6519
5202 7357
4926 9510
913 4875
8652 2706
4989 2962
6546 7772
8636 3835
5455 9133
8320 5629
805 1015
4119 3908
6637 958
3009 8522
4257 9861
4133 1310
3307 7051
7780 8454
4375 5428
640 2274
8154 4346
2294 2988
2498 3611
4840 7748
3987 3037
2188 7584
9101 5034
6398 7562
7744 7779
7445 1577
6049 8986
9176 9573
3904 229
9991 5273
948 5453
8445 5133
6931 5864
696 562
109 9254
8966 6282
7524 7390
2472 4863
8400 650
7723 4985
9664 3035
2166 9715
7404 1967
3296 1620
3819 761
4222 5141
3653 973
5720 5030
6211 8169
7536 3915
1315 5325
4414 7027
6348 1790
5725 5939
3532 4993
1873 2507
9837 392
4288 5275
3137 9656
2761 7583
554 4700
8446 3578
9693 3148
3123 9633
8685 6196
418 5146
6574 7375
343 2854
3220 4160
2219 8068
9768 7307
806 7901
4429 3512
2361 6998
2979 4325
346 1133
3192 265
3897 3018
8682 7261
1747 6264
8401 5960
3516 4581
5452 5640
606 1049
9259 73
4825 4642
9624 2793
5829 3806
7595 7205
7093 18
2245 1650
6365 7251
9245 7984
3074 6824
5343 9765
4733 9610
7198 2919
127 4283
2924 4832
5145 6042
6600 1142
9513 1339
8142 1941
5837 138
9015 5565
9738 8492
4225 7566
4791 5028
7058 6837
9303 3363
6560 8318
4264 7821
3729 7144
3254 6967
561 8586
8459 5352
9969 7302
2712 5867
3400 1043
9120 3624
7 6963
5227 2723
9558 7509
2608 5148
5075 8892
4015 5684
999 7714
6266 1092
1692 3580
9153 2195
4653 8672
2676 2705
6589 8597
660 5453
8841 4446
2089 5025
7599 2616
8982 4834
2584 6247
9150 3958
8353 2301
336 4031
7669 4762
8399 3401
6887 5258
3183 1241
5861 9337
1550 9394
2259 2344
593 2591
3284 9567
912 6570
5368 4492
3091 4590
5025 7294
6792 9651
8201 1812
1423 870
4338 2408
273 9380
3498 220
7080 320
4127 5176
3532 5814
3042 2539
9042 4821
5269 8085
5650 2100
3431 6433
8870 863
852 1288
5319 3649
9982 7979
760 6476
2398 6425
9108 2320
6743 444
1952 2781
8038 6112
6523 903
462 4009
6503 8264
9437 2854
737 1096
1590 7618
3806 6688
6351 5079
7077 1914
5689 636
806 9195
1594 9965
8401 9944
5159 751
7108 9165
2535 842
2206 3004
9016 5563
9882 8677
2073 59
5423 5396
8169 9087
7256 7608
6749 3407
8753 7624
2269 5510
3834 2114
5017 9741
3753 7594
9069 2793
9648 2919
4340 9492
3648 4997
3009 7913
1145 4027
5936 2095
51 4284
3785 5507
5746 8426
2944 2138
4906 9824
9355 4915
108 5030
7053 8819
9942 9882
4095 7654
6948 267
3470 3438
9217 8873
1220 1961
3406 8468
8041 9884
2469 9267
1131 535
8072 9875
585 1533
7797 5841
9034 1948
5968 8355
6477 1115
1739 651
1171 8624
1600 5441
4836 2606
9135 9044
4206 3489
6110 323
2044 6385
3671 3261
3166 7994
9236 8201
4333 7327
9579 7722
1699 5371
6899 6709
5006 165
3656 2082
7415 6035
6705 8391
4801 7495
4142 7239
6551 7623
4195 1338
3125 9448
5044 535
9338 4214
6069 7779
3923 7027
3468 7062
9591 5032
9152 7151
6105 9715
4756 4822
2164 3687
1753 5886
3918 4100
9664 2277
7691 9372
4939 6025
4304 6168
8646 9785
8048 5430
6518 9767
6413 8412
285 8386
7776 7417
9427 3949
296 83
7690 2079
6226 6805
7852 3064
1515 1594
6119 9080
2031 3612
6048 4018
5882 5668
6506 2913
7114 7448
8454 7699
5247 2969
2441 3848
6987 9726
7930 639
723 6776
100 2866
3021 3550
8073 1987
9173 1507
5186 6261
5506 127
9178 8882
6228 8123
2662 6686
7080 5247
1582 7905
7837 720
5863 4282
2042 781
2545 5078
4384 3531
324 4566
4632 2213
777 3103
2523 6240
7529 3576
8231 5317
2252 9852
9754 8714
5737 5881
557 7386
4027 6031
8026 8360
9037 5226
4717 648
9671 7249
8051 9991
3326 4617
4697 5729
8633 5393
3340 1027
2912 6656
262 4190
4120 443
6903 5578
1892 8502
454 6590
8718 6460
6021 9104
6104 395
6916 8787
252 8490
1558 6671
1355 8515
7477 3166
8452 3412
1491 1895
2505 9312
6201 179
3509 9687
2150 1070
4150 43
7556 3104
7283 6782
1186 9806
718 8840
8604 3407
6893 5435
1591 1662
4694 1682
2891 4671
5245 851
1530 5385
282 5794
1160 7812
684 8203
2376 4637
6395 6029
8537 2865
8114 9234
1019 3132
7663 6080
9883 6137
2149 1444
768 9501
1105 6314
8085 1713
1808 1757
226 5470
4529 4924
984 6878
8524 250
4360 6927
7134 5515
6503 9695
3627 3275
4141 2071
7350 8081
962 7181
5994 2216
7543 2605
9280 1192
1144 6371
5386 8809
6601 1176
7024 3828
137 6409
8492 1063
912 5939
2521 5021
3604 1961
9637 9340
8208 9570
3501 4237
5490 1527
3624 6639
6494 962
2068 3753
1199 2947
1203 3939
7320 5341
6825 833
546 6646
3471 1970
4236 1661
2759 4969
877 4104
321 883
1114 3682
3953 3685
46 5857
6506 4381
473 828
6639 9560
4817 3154
7831 3519
7674 8223
3365 2597
8647 5039
9519 8732
3920 6338
4818 8736
6838 6822
5752 3070
2627 5136
1218 9514
8424 6134
3640 5429
5388 123
3893 1761
2285 9384
5718 1276
1093 6672
3736 3035
747 4779
5152 2118
6462 7095
3035 6696
9471 5329
953 6051
9036 3600
775 5743
727 6318
1718 1211
2874 663
2660 9291
5763 459
8196 4264
7897 9881
5595 2764
4805 1768
9694 4094
527 8117
4270 3440
9141 2404
8683 2299
6934 9895
7615 105
9961 661
9556 2384
9023 8885
9315 3169
8848 1289
1950 607
2169 9085
4050 6680
1583 1779
1486 3512
157 1443
7358 1318
7767 4124
8228 9960
6880 4072
7452 5340
8661 3521
3443 5685
5522 5303
9351 7340
671 6835
7311 2547
5316 5438
1026 880
3348 7915
8488 8658
2372 7977
4996 5990
3178 2886
5184 2262
4551 4475
2368 5153
7253 6791
7678 7101
6357 1427
7555 8101
9194 3512
5764 4513
1588 5128
1834 5472
340 5624
3094 1244
8109 3655
1926 2988
3880 5297
5314 7943
8857 6690
379 8760
216 6754
1386 5943
3430 7281
3019 1632
3630 7785
9938 3749
8968 5118
2873 5812
5480 3823
2757 2936
6155 2929
5409 9722
173 3329
8055 1655
555 8288
2729 3289
2583 291
2841 1791
5388 9203
8773 8673
2442 2745
9227 4906
9463 6121
7957 2070
5611 4454
601 9400
6284 6767
9617 4303
5846 9814
8546 8774
587 2388
1430 4352
5115 4607
4371 3929
713 1427
1325 2963
7978 1193
1369 2521
7763 5744
4034 3383
2697 622
1608 4508
9255 473
4778 3787
6819 1686
7284 2702
3286 153
9516 6401
1730 6107
2508 8595
5531 914
2703 8309
6687 2852
2387 2263
5288 100
6772 6358
7396 7778
6568 1764
187 5777
9045 1425
9359 9480
7928 2376
9524 2595
8158 5417
9924 4227
9555 7016
7064 3030
5665 2718
1700 8517
6750 4189
7502 101
5888 5560
5732 4365
7545 3231
1113 4798
6854 3175
9319 7527
6532 7924
4742 3410
7324 8329
9462 652
7828 4674
9859 3480
2211 2587
3137 2272
3152 9230
5476 7096
7387 5194
8467 1065
6185 1246
5453 5014
4074 1978
3892 6267
97 5918
8755 5376
5244 8577
7683 5216
62 3089
7459 6157
6423 2826
5622 7625
2462 3238
6115 5077
1769 3181
1233 8204
3853 8658
5966 234
3091 7218
6798 940
8424 9707
6340 6353
4706 1915
276 2207
2305 5700
5028 2990
4732 4663
4104 9595
3473 9987
4062 1716
7519 8085
7263 7043
2920 5431
1846 5067
2865 2974
9752 6111
9752 135
755 3646
6511 8724
8748 6863
5888 1739
307 1050
870 7434
1376 5125
4989 3943
440 9468
3093 6389
5711 6121
336 5226
9599 8554
3159 2078
7191 9670
1196 9733
7303 6557
9350 5357
4195 8881
5278 6830
8909 2773
7639 6229
4260 2193
6946 2844
8902 6969
1443 889
6675 101
5077 8871
7936 4076
8009 7376
6956 3103
4631 185
8182 4090
2760 7835
1261 2114
7214 3665
4461 78
3405 7372
2888 5818
4198 6428
3871 5321
3561 2326
2177 3387
7674 487
9936 2142
6 3476
8101 6
3950 1945
509 7004
9559 4056
4078 2491
4988 6658
854 8640
6667 2875
6385 9799
6636 7174
1925 5885
9082 7515
6003 3037
1242 9957
653 2601
6783 6862
7900 1131
672 4531
9311 9503
9520 8512
5232 4850
3467 1967
6603 5342
9232 7398
2433 8368
7110 1026
536 3097
4867 7041
6032 9880
3108 8113
5794 6227
6876 4158
6380 5431
893 8933
9599 4085
7855 4164
9516 1834
3516 5358
9667 5198
2437 3562
1111 4061
3650 6874
4903 5989
3718 1222
1507 1528
4160 3297
3960 1552
5792 4131
5157 978
1738 9016
8733 2426
9746 7824
8408 9514
7604 7565
1357 2454
6811 6269
8050 3826
3389 502
1442 286
9252 4621
1987 491
1722 5444
7309 2436
2380 3175
7947 8694
5340 1955
4545 5208
1473 253
1313 3434
4308 68
9976 1056
6235 5561
1667 9978
4592 8500
2476 1256
6931 2291
6568 8894
7663 6057
9173 1189
9413 1355
8330 1136
141 9788
4080 2837
2291 6733
2749 7885
1259 2807
7771 8467
5797 8359
1124 2762
7481 4514
5030 5737
8756 115
7395 1771
5228 2869
3268 209
8712 4730
6701 4828
9426 7116
8741 3379
9803 3327
4180 7694
5056 2434
775 9042
3852 7912
4103 3697
121 2514
7190 6342
9448 616
8887 1268
5518 9118
5121 631
339 6318
4639 8793
1994 9156
4232 476
6450 4972
7605 7001
4530 4149
7852 5301
451 4229
8745 1219
8772 1171
873 5860
124 3787
8178 5352
8865 6990
3603 8629
8435 1431
7704 1370
9233 554
5005 3249
2990 3727
7893 8207
6371 6913
2610 555
7787 3199
6438 1057
5247 4300
3869 8316
7608 7144
4983 5838
3869 4328
1173 4255
3842 1523
6321 4662
947 5058
8364 1743
9609 4282
4662 5595
5346 2627
4983 8545
2432 28
9083 7577
6371 3932
65 6982
4600 2713
2918 129
1875 8120
8579 8966
9493 6100
1803 737
1850 7872
1157 9865
3480 2091
6061 2562
9968 1670
4335 4258
7660 3530
4642 7758
8462 6765
8479 3869
36 3713
2667 9588
7144 1791
8875 9496
9154 8515
964 848
9172 2516
5599 5292
6414 1976
466 9669
7173 7190
9213 3151
2859 9252
3941 4113
9587 2823
1093 2796
368 1634
531 1665
5676 6341
2315 2447
8193 6536
8764 9620
7836 7821
8218 4215
5620 5485
6903 642
9275 3145
4140 7999
8760 3049
6576 8557
3934 2874
8851 7532
8544 9937
63 8973
2449 4245
8680 7993
1189 6016
546 9349
6511 1705
263 3130
3025 2786
5938 3370
3916 7843
3567 573
5497 7463
596 4415
2713 3780
8173 5491
5499 7581
5156 6993
1359 3117
6459 9507
5056 9293
6055 1143
2616 8537
3829 9510
1278 2215
8686 9174
2048 4584
1231 46
105 2631
4828 2080
6163 7935
6126 475
6214 3300
482 8694
7791 1929
7950 8055
968 9758
2033 8503
9851 7305
528 5159
6073 1958
1580 7563
7771 1428
2664 9465
7104 8423
3808 7792
4878 118
3574 4375
194 8276
9806 4815
5137 2793
8426 9748
59 4340
3623 3167
9385 1756
315 5512
8918 8276
5006 4480
4819 1691
5293 7661
3205 2641
6674 3715
9544 2537
5573 6742
4729 7364
5721 7028
5639 1959
4745 6113
3578 9345
2075 5382
3626 2172
812 7293
743 2471
1415 7893
5085 531
5323 9232
1978 6133
4049 5170
2999 6819
2938 2629
7715 1080
1224 5116
7181 9728
3802 5119
3508 1176
7347 7718
666 5823
4144 1032
5573 5949
5795 9719
4644 9371
6808 254
6714 947
3203 1467
6339 139
6368 6469
2094 8111
8071 1137
7507 502
7285 7669
998 3574
6908 7135
345 8241
2656 6229
7147 1164
8290 9840
7595 4978
7863 8897
3365 4436
3265 7152
3062 9724
7218 9715
8314 7138
7875 9639
9512 3390
3206 8019
5307 9136
3200 3426
3800 3664
4406 5700
3096 260
2996 3486
7923 6560
5161 8706
1171 8537
1074 5515
3463 5453
5314 5075
718 1577
1371 2973
3321 2656
2299 4277
929 8607
5015 8292
6207 6188
1196 2869
2476 594
5507 4554
9250 1737
6249 4885
3630 1199
4828 6464
3246 871
4082 5291
3748 5981
2453 5012
9365 1729
3364 679
8119 1913
7243 6099
6971 1301
4743 1575
1739 1460
5026 1837
2158 3613
1307 5237
4618 8032
4724 1823
4520 3650
2178 6668
2953 5937
3852 3958
2961 7715
3103 2143
4063 5839
5879 1621
5708 9630
9752 9022
5012 8649
6884 9166
7465 4985
4832 2628
3720 1475
3298 2454
564 5767
815 1891
6522 8665
8510 8935
9918 2100
5569 6616
8844 6841
7161 1192
8892 3879
2938 9810
5308 6193
754 5693
400 6702
923 5581
4713 7807
7751 531
6926 6521
5479 2012
3508 2962
3715 9520
7177 5763
611 4365
9752 2776
4255 329
2707 1230
705 4301
7567 5671
8054 9542
8870 6186
6492 1653
3514 1747
460 2983
5173 1382
8313 9593
3859 5581
5603 8387
4998 8627
5439 6903
1045 344
9977 2183
3449 6215
6725 9540
7414 2906
2532 5524
966 2693
5668 6216
1788 4958
130 5460
5890 6765
391 8079
1081 5406
3732 8804
7757 8941
2804 2236
6040 4667
2862 5889
3623 7115
9068 5738
3332 3325
856 4989
3173 1314
2183 5395
8893 4038
599 949
8475 5740
1266 3186
5651 2813
5045 6050
7494 5300
1483 1679
8931 7242
8097 8858
232 8275
3908 3401
6274 9758
9556 2711
9370 2794
5999 3526
3207 9132
7117 5524
1112 3423
8066 7401
2353 4310
7160 5045
2955 3396
4144 6033
7698 8537
1305 141
9635 886
2366 5918
3849 2870
787 2524
2986 2215
8670 2350
252 1873
6479 1294
8496 9898
512 2568
1267 9414
5207 2722
5840 9580
6077 1301
5550 4451
2580 1937
8719 5359
348 8676
7932 435
8666 7470
8474 6793
7367 6400
5867 1500
8640 5518
817 695
5026 6981
1264 2608
6652 723
1782 7447
8933 8303
2542 7542
5344 2383
7704 6232
9383 4005
8828 3350
5099 6669
4217 1678
5080 2843
5301 1513
8975 4641
7094 364
3654 5969
6574 8001
3174 4886
461 5066
9961 8695
8780 4585
1036 2724
8443 8856
372 6705
8408 9402
6424 1702
3523 5923
4153 5706
3638 9021
1847 4175
3934 6817
5956 8946
7493 2019
5356 9637
8952 6964
6603 5423
4451 9909
4831 8054
7378 6196
2706 6026
6475 5643
6218 2937
6075 1156
4941 5044
9683 886
9991 1257
4354 2506
4435 1866
8619 9732
8929 6806
5725 3706
4255 3629
370 2162
9273 17
7098 9688
1756 4747
3582 5769
8188 4684
9027 3410
3315 1246
7771 3158
8617 2001
5756 4368
8143 3051
6447 4457
1837 6142
6398 904
8533 8530
1134 7627
8537 6188
3542 5376
4347 7606
5228 9917
6500 6210
5739 219
1995 5820
7619 9167
4932 9252
9799 8493
4299 8692
8414 994
66 1041
686 6312
4604 2595
8803 681
8045 6411
1764 4199
6872 7223
874 9497
2670 1185
1428 567
9503 8484
6842 5790
1753 7102
3692 8604
832 3901
8466 2193
3754 2552
9217 5418
5068 1035
7269 8580
5875 2997
4633 9698
6972 593
3320 1059
2923 2600
6083 3172
4375 5021
1706 2301
3850 1592
1225 2974
4219 4993
2874 522
4439 6824
1390 502
1191 1295
8712 5430
6580 2268
3972 5393
5913 264
2442 7926
1964 4284
8470 3827
2939 11
8066 5284
4955 3062
5987 1604
7175 3666
1571 9942
8401 145
834 7382
5362 3830
5683 6532
9084 1446
717 7109
7324 7069
3962 4313
2483 2264
7123 6764
7976 5070
2418 2444
1206 1938
3823 1835
4839 6908
4033 4364
9028 1726
8705 8274
3431 1462
1472 2812
6059 1094
2533 1013
5257 8787
8621 1807
2207 1915
7867 5920
4422 6060
7429 8676
1020 923
4811 1196
8261 6232
3547 8272
3665 4010
5249 1123
4465 7016
72 3101
7178 6634
6007 969
8421 8745
524 513
6887 4821
5236 2163
7578 7097
1831 6154
4047 2
2022 7161
3641 2671
5621 1962
7128 8211
3692 8563
7464 2370
7868 4166
3956 3283
1909 1346
3960 8318
8721 9479
4654 5681
4820 4310
2275 7807
3428 5470
6905 829
2910 8705
8198 8272
2024 3324
1974 6469
3962 3493
6833 5652
7021 7449
2939 3211
3283 1849
8043 3961
1314 1882
1530 6330
963 8637
873 909
7488 4540
7226 6766
6259 7729
7798 8654
449 1247
407 2110
8960 9451
6174 7801
3743 4415
4404 2649
9256 8065
7336 4086
6003 9977
638 3781
6700 6437
7717 7364
3610 2053
7259 3128
7441 1627
4474 8061
7451 9136
7528 8211
8450 2857
9073 5602
7876 8345
9748 7792
7332 3892
6454 1934
585 3764
6465 8440
2827 7583
7074 4518
9751 3939
282 2996
505 8924
6485 6658
8641 5627
6678 1697
2258 7795
105 4484
498 4327
6367 7322
9369 6230
7830 5678
8515 4186
6801 9735
6186 763
4279 1721
3403 2441
1945 1318
3236 4679
3671 6961
6804 2641
7430 8609
1778 3943
2981 1823
1964 2985
7226 7816
3054 3212
455 3918
9743 2117
6758 6675
7818 9863
1429 481
1853 8250
2788 6343
5324 6444
2652 6378
9473 6271
3821 6056
831 7352
3016 9479
3228 2308
5974 5037
3368 6271
8483 8931
9899 9979
2935 867
2092 6586
8629 207
6896 8260
7133 4591
3908 8761
8350 7448
7548 9759
7420 9031
1983 2717
3675 5936
2768 4321
9989 636
5036 5820
9969 218
3718 8439
4181 2828
4103 151
1987 208
3415 1128
1979 2244
794 2470
622 2892
2041 9042
3920 3158
3248 7339
8238 9341
633 7025
5981 3200
9605 8733
3719 3021
2909 5541
7794 4171
4661 7180
1041 2093
3940 7306
8513 2139
3097 9697
7172 461
130 5394
1137 9740
4478 4648
7469 4222
1266 8297
5584 6191
8882 2092
5882 4702
9596 5683
2369 8722
7446 885
3393 2526
8416 3007
1133 622
3839 5608
7080 1962
4630 726
1123 3837
7121 7312
2761 3563
7716 3858
6854 4551
5562 9409
9571 6902
7143 1483
5862 8711
9840 9108
7110 3676
5300 8059
8419 3801
5329 4224
2278 4535
5715 5118
9725 6930
4990 5023
379 7002
3821 5383
1340 9395
790 2176
6429 5011
4118 7956
2204 8945
2202 8363
556 3902
4824 1141
3327 5662
8091 5977
1929 3962
8945 3862
1746 2813
872 7360
9604 3880
5844 7540
5842 7784
6412 6041
980 4023
9673 8500
1560 2063
5597 4723
61 3251
8637 1892
4373 5016
2979 139
7385 8306
3071 8249
360 5742
8607 2036
82 9711
7471 8697
9457 494
5797 3449
4117 6602
4749 5906
9748 3925
9761 6087
6588 288
5434 5901
1867 8881
8135 256
6903 4117
5634 1762
401 345
378 9748
2320 3472
5558 3097
9464 1367
939 5803
9898 9455
5014 5170
7137 2064
8151 9976
1671 3253
8843 6940
8813 127
8725 9961
6649 9544
5379 1671
6364 3950
4731 6722
5837 891
4944 5228
298 6777
9995 1446
371 5259
8830 1681
9087 1414
1289 2265
6491 8959
9061 3145
6073 995
6932 1733
5507 1717
6617 9464
4123 6221
3797 9658
5341 6193
4078 3595
4419 6780
9770 2562
4810 5420
4460 1478
1937 5128
4706 6680
2220 1826
7412 8180
9304 6986
7290 2135
3145 5114
9874 2753
5088 2005
5370 1626
9753 5322
5849 1512
4326 3841
9451 1302
5784 8991
4152 9991
418 3396
4961 7457
6595 7178
1676 5427
3316 9816
486 3174
5139 6434
5851 5338
6816 2143
5443 5837
6219 7529
7848 2007
3494 6018
2908 3353
404 9428
5124 6884
7452 6896
2979 4352
3376 5677
4717 8259
2537 3886
4745 8383
4499 9592
2611 5632
5719 536
2782 345
6151 4055
4802 8355
4737 4696
9403 211
4228 9624
1910 9579
9867 7396
2932 639
7028 7925
4183 5298
8300 475
6586 9132
6043 3731
9034 9388
4615 1007
1565 1636
3155 7163
2780 441
8991 8914
3363 9447
1187 5002
7466 5414
2613 2132
991 37
5193 3786
1601 188
8139 7511
5625 8458
3784 7601
1676 3543
1524 4899
1411 2335
3927 4579
9856 9290
999 689
615 2578
2577 5963
1353 5926
1060 3971
6762 1376
1616 245
9969 4587
1732 596
2401 314
9717 4953
8911 855
1904 3624
473 1011
5258 3453
6588 5039
3816 5205
6403 7856
839 8577
9628 7881
9296 3869
3197 8718
673 7551
7051 3988
2946 7298
6003 8452
9687 1108
7986 3191
9192 8836
1605 6867
939 3150
3067 4886
2426 5596
3714 9746
7507 9366
1158 7250
2546 3736
241 3870
6739 680
5749 7538
8259 6868
3720 1424
6680 4008
912 566
5845 3239
1139 2620
2741 1274
2016 796
6563 2495
4985 1871
6344 3237
7044 29
3789 1235
9030 7953
6117 9396
3048 3112
8228 71
5143 7411
2933 1768
7070 177
1460 4453
7759 3172
5319 1631
3098 250
241 7213
2940 3845
5731 7282
6504 4298
4393 1022
8863 2572
2585 7305
356 1118
9693 9912
955 1027
3123 3447
8051 3295
1147 4009
2012 225
7430 2745
8781 4855
3588 3200
1491 9689
8520 9167
4535 9722
5823 1947
3773 5675
7026 7009
7320 105
537 8040
9895 2464
3895 4188
421 6007
3713 3842
1613 6950
8057 8150
4302 1292
3244 3282
9492 7313
5107 9998
3779 6358
3933 8260
5881 5143
6479 2945
9169 6956
9212 2521
1689 7289
5749 9081
8328 9931
6471 6412
2960 6199
1610 2572
1373 5975
2809 8204
174 146
6539 1153
6809 2703
2302 1772
5603 6106
9667 7300
328 9539
9396 2875
5056 9256
2018 1118
1378 3990
5734 653
7255 9660
5982 6834
9003 1888
639 1776
2097 3384
8720 1055
7707 7427
1655 6219
9668 929
7140 5439
9234 4296
4274 3966
5157 4119
3310 8611
8883 4446
5983 1015
1354 9558
8325 9768
1950 569
9465 3344
7693 3762
3965 5605
344 3159
6450 4104
4390 6234
2397 6953
543 5284
1464 6028
3178 2596
7963 8555
9767 1600
1624 5083
8168 9025
3528 3976
4007 5664
5200 7682
1580 3738
1126 3381
9838 3187
3719 3315
4506 7547
208 4345
1875 2816
1077 3409
6458 841
8178 8511
6219 3672
7868 5921
2606 679
9039 9285
8748 3276
1030 7370
3728 2248
2926 7625
9211 3736
4548 9340
2386 7922
2149 2787
4117 1495
1879 8418
1041 5511
3625 9972
5671 419
112 1719
8900 2454
4856 3400
7399 4510
1390 7600
362 2559
4454 199
128 4763
7477 5687
5840 7046
8420 3899
541 9336
3570 7092
6002 4610
8009 6973
9785 7332
2901 6818
7249 5167
7533 5719
3248 1672
1028 7771
2229 9814
8570 9776
9121 8282
8372 5523
1660 2576
9006 2914
2405 4740
9291 7585
9858 7736
2878 2595
3142 5788
1912 4143
7209 2713
6167 3603
645 8981
2852 672
4772 9353
7093 2608
5269 1897
214 4195
8660 627
832 1588
4523 5245
4076 8814
2428 1075
3579 6155
5446 4607
347 5973
8866 5656
8455 1597
2194 9700
3657 8398
1896 4451
9614 9917
3306 4399
9989 3502
5768 876
64 1736
2848 5935
1929 5413
9641 7665
6183 5617
2993 2610
370 1852
2450 6943
6445 2399
3639 7507
4083 5587
2628 2675
9334 7094
8134 7518
3436 798
5613 5893
5429 2549
662 6576
4364 3924
3675 7881
524 7958
4770 8152
5835 6709
5366 5427
5364 796
3709 9837
3929 9359
6586 2641
5877 2710
1760 6166
2625 6834
7078 3093
1672 3428
2587 5161
4985 2543
2337 4407
3004 458
3173 4544
5182 3503
4676 1448
7926 502
8409 7579
8145 4191
8093 983
7417 5556
4597 2313
6459 9672
1054 4713
1423 5176
6883 358
4764 3034
1400 3235
308 7190
3109 1150
778 1449
6560 836
1314 5744
7869 5452
5604 2184
4520 8553
6325 1106
5645 3521
6411 4686
2230 9084
2269 858
1042 4976
6139 4615
1433 9456
6007 7402
2480 1331
2999 6511
1012 1023
6440 301
4722 2125
6723 3569
5956 4948
8715 8840
7499 9997
9732 2729
4334 3366
8629 1398
7378 3244
3151 8774
8606 7875
4146 5012
9690 7233
445 5822
5372 7529
8041 7211
7303 3452
3432 9649
4507 7347
2146 4981
5664 6218
4436 2654
2283 392
3058 3713
3285 4973
8793 651
8153 5807
2485 8402
9541 8735
6479 3152
2206 9826
9284 2001
7006 6805
5595 9621
5170 4586
6282 2436
3251 4213
5916 8801
3907 7450
128 6109
1615 8411
8812 9572
9348 3954
8714 439
6579 4099
7975 2104
3138 483
1318 7691
2275 6580
5439 7719
6794 3788
8399 9766
2805 6385
7280 9113
1987 2495
7987 3723
7299 6291
4933 2523
307 9340
3684 2728
3169 1112
5355 926
5912 500
491 3472
8839 2897
8777 6213
7888 9210
171 9295
3236 7606
2040 2801
7298 2204
1142 7470
2290 1964
8878 4070
1312 4176
7825 6321
2937 3876
5858 2179
9742 8481
611 8912
4191 3436
9594 401
6957 2801
1604 8726
5333 7189
966 3282
7463 7325
1758 1458
8537 9529
7048 3218
1624 6650
8259 5202
8587 7703
4189 4833
8781 1531
6897 5094
7901 9456
1165 6138
1079 8370
8511 2476
3062 5436
8082 5035
2025 3938
9491 8712
2294 5782
3881 6568
4879 2907
5541 8500
6191 5600
5638 6057
2472 1697
4852 770
3339 7075
5046 3706
883 4052
475 590
6814 4257
2993 4413
682 9228
1248 6114
8104 7847
3613 9468
8713 3883
1758 6475
1277 7681
1302 2242
867 8750
3527 5940
4719 5553
2906 5321
8898 6173
6328 5591
771 9604
8993 391
1564 2433
5645 1836
6220 6509
6411 8818
4084 9010
1043 9893
1703 1795
1462 925
3147 9165
6037 6767
3911 7455
6291 4421
215 4238
5874 2460
2704 2507
787 9036
7409 4313
9328 3817
8739 5048
2497 8462
867 3386
7525 6385
6606 3946
850 5676
1088 420
7916 7594
1309 9130
30 5633
2497 371
8895 4276
5222 9094
4535 5292
9543 2566
2632 1482
2974 7941
9205 8583
440 8426
5912 9458
4955 32
767 7592
7741 9313
5632 4960
2905 3171
9811 5467
2476 1463
1887 5239
2117 5724
4583 3025
6500 4817
9205 5474
3672 1550
4827 6556
7609 2974
4221 1601
355 8952
4432 8543
107 1311
1705 19
898 7058
902 8846
8132 9690
1469 4479
3493 6520
191 1791
3062 4818
5526 7208
915 4801
6375 5421
5443 6586
6132 1167
5168 2080
161 1163
4418 858
1586 7878
2322 6029
1175 5298
8452 1726
4447 7492
9296 8858
6906 8398
2542 1321
5264 4505
6388 1617
6502 1360
3437 9183
6811 9647
4056 1920
6424 1079
8356 4147
2266 2597
5913 3777
39 5409
8872 362
1340 8828
8140 8008
6660 9549
3311 6269
1121 1291
5559 6053
6774 7572
6161 6357
9777 6194
8216 2613
2884 2078
6401 7985
4890 6794
866 4255
6044 9470
8264 9931
4639 4779
1660 554
8238 1466
8598 3203
8198 9328
2738 4146
4888 2340
3615 8215
2861 8037
4935 6900
6423 526
7963 2273
332 9322
1776 3300
5009 5545
190 4839
8964 2512
1586 1895
4223 9874
898 1441
7024 910
5989 4260
6800 4490
6229 9117
4967 9710
2233 4075
9601 704
2036 4680
8312 3701
5799 1910
5104 3599
5416 1801
746 7268
7038 343
4359 5594
4022 9563
4569 2610
9224 2293
142 8488
7583 8603
7898 2499
8429 3095
6547 5753
7343 5788
1119 4686
9608 7244
5723 3503
6670 8581
7666 578
3271 8707
7213 1529
1584 2978
2429 3361
2317 1464
7352 6614
9438 6179
5223 6926
8397 8905
9984 9741
6599 8613
9807 6712
9010 969
1574 8740
2840 7172
7268 6622
686 2391
5381 8937
9114 6479
1858 9011
1444 7114
5523 7110
1993 698
2201 818
6545 8263
5967 372
9586 4700
565 1004
8988 1319
8976 9194
2855 6457
4758 1009
8988 903
4205 9638
4911 8676
1670 6891
5878 2933
7663 1916
5664 7514
994 2983
3884 905
2753 2460
31 930
3707 19
4585 1786
5589 6280
6516 7582
9674 2447
1922 6461
1183 5313
3884 8460
2041 8506
9271 6736
3791 6372
5056 10
1474 7333
8270 6888
5922 5870
2054 4812
4495 2030
7950 1603
7307 8885
5861 9695
5681 1159
9212 7338
1031 42
8578 7186
7062 5799
130 9374
7496 3704
1039 7238
5786 5674
2909 4675
4054 6428
4975 5291
6766 678
4077 1988
5877 5211
8749 4170
3613 3237
9225 8874
5653 4460
2229 8076
9133 5372
1819 4154
8959 9109
6435 1334
7987 3573
9762 9005
6654 4479
638 6230
9799 1598
4556 5652
5126 7579
2979 8844
9419 2622
4982 5155
4688 1409
8319 8554
4229 3853
9752 4841
6090 3228
8577 712
5697 108
1011 3029
5826 2476
8777 3719
7653 2308
6199 3724
421 7729
1740 133
1372 8396
6016 7893
5565 6290
3952 6255
7695 6736
6415 541
3219 141
8417 5339
4771 3535
5311 3525
2255 8311
1989 3407
3357 5528
4085 3217
7428 4175
9427 8139
3397 1974
8865 3581
4186 2464
4766 5960
4827 8006
2018 9242
9405 5214
6194 1287
6251 1778
7744 5940
1363 6783
7551 2329
8682 5177
2789 6994
4074 278
5663 5498
7689 4904
4717 1598
7281 2151
7589 2034
4189 838
9794 7470
4410 112
3872 4215
6003 9192
9804 1656
805 2351
1907 5362
8677 2793
6699 4173
3371 4569
2684 3974
8448 2525
8805 9505
4570 8803
9853 6469
7903 5484
4742 9848
5827 7933
2300 95
4682 5198
138 4035
8862 5541
9386 98
5387 6492
5531 2239
2974 7645
2566 1270
4187 4792
4702 987
4946 3719
6910 1888
1086 1532
5177 4020
1822 3145
6864 9567
1040 7780
1979 6878
6406 5998
3028 5694
7415 3493
1202 2181
9297 1232
2835 6618
4298 405
6268 6496
40 1856
4673 6779
7838 3454
7532 6821
4126 2748
2143 9465
8441 9836
9610 8112
9517 5551
3226 4446
7604 9332
834 3912
9930 6244
1352 7790
430 5534
2340 8782
2935 8580
1461 8002
9913 2776
9327 8969
4392 343
2345 4743
9346 8646
3834 2301
7737 790
5576 1835
2744 6279
4211 8784
88 2094
2446 1246
5619 8364
5938 6131
5533 3238
7023 7388
6653 135
7589 5985
7331 4350
188 5445
1423 1738
7954 8775
2253 7098
1023 5585
2000 3987
8104 2401
7483 3054
4794 7318
4964 6659
5538 4735
7420 2147
5488 3760
7884 1498
480 6466
5866 4616
5195 3875
4334 4148
2285 697
5375 3572
9406 6732
2121 6681
8029 6811
9256 6407
620 8833
7 5347
2292 3281
2820 7210
8663 3524
1692 5876
3287 8518
709 8854
2135 6784
9689 1370
5861 3831
5557 4216
2185 7595
7923 2823
4915 1584
1154 9517
428 6389
8402 1834
9224 7913
2676 4376
4784 5740
5456 4202
5514 1407
3087 7329
1077 7073
6264 2515
7294 3751
3365 9467
48 9231
3784 1112
3688 6791
8769 980
5823 792
6042 4114
7548 3133
9880 7598
6092 8204
5044 7489
9065 3817
7625 8695
1429 5621
6035 8840
8080 3370
7145 8134
7067 9519
9790 8991
5498 4904
7412 5271
8116 3354
8611 6005
2272 9168
4500 4143
9411 6255
70 1685
6505 3210
8679 4870
363 5426
9731 7072
9015 7023
8599 5387
6827 7610
339 4502
1279 3850
8945 3603
6437 7559
9737 2665
6665 1894
2396 3429
2248 4025
7346 8444
9319 6765
5302 5736
4024 7241
7685 4501
416 4869
6137 1789
9857 4272
3088 2446
8003 5636
1136 7942
7342 8386
8214 5841
9987 346
5470 6910
6774 7344
9207 7891
7671 8032
6586 5239
3265 5179
4387 7963
8162 6620
2108 1820
9110 5940
8799 2656
7993 6592
752 5808
9265 3306
4711 3013
123 6271
9770 877
8935 5388
6506 7473
3280 240
9109 7927
3031 9451
1688 7843
940 1629
5981 7406
9284 5318
336 6924
6401 7379
866 6027
9934 9038
507 8896
5926 5839
7714 4257
8326 2176
7099 9480
4880 9289
814 7598
8856 3524
3130 8998
8390 4616
4883 1593
9375 8913
431 1245
7441 1523
2990 5905
6574 5588
2298 8563
4719 1999
9073 8840
589 9218
7765 3915
5849 5593
2178 6458
7531 459
3759 9717
7238 3408
7015 5873
516 7203
3729 574
5888 8187
1497 6324
4477 3199
7279 9011
1031 422
342 2828
1631 8992
6608 2538
2424 5777
2017 5595
5946 7042
418 1645
9083 2923
7138 3892
8572 5436
2284 1497
8592 3541
8350 3009
2719 2170
3628 4337
5003 2221
7049 1132
1384 2508
8100 6377
7429 8830
1090 7736
8881 6507
1290 4009
6734 6221
8985 5891
6638 2998
398 3085
4786 1213
250 2510
7882 1531
1515 9527
6266 4129
5291 7573
8385 3433
151 7347
6840 2448
6649 8915
5506 4628
122 4985
9134 4274
4759 8636
7925 3325
3284 8163
1208 3901
3750 5853
8285 5277
9726 4159
363 8212
1439 151
7951 7069
9281 4526
5849 8555
996 4
6316 2221
8497 7002
4148 5040
7971 8211
4282 9158
7627 4366
9387 8377
7746 5440
6712 3331
7132 9490
1235 6472
9034 1401
8986 8662
9093 2946
6143 3555
3969 9302
58 7070
3100 4022
6712 6794
1407 6321
9904 5875
989 4808
6706 549
1875 5659
7107 5907
1187 9004
202 2144
3077 7865
3453 8217
8274 1117
4054 422
8972 2132
4459 7135
736 5049
3704 8993
7065 4490
8789 4343
8906 6781
5378 9381
8604 3043
1944 5740
6993 8671
4555 6399
15 1757
5580 5299
6175 9640
1643 9951
5577 3862
4487 2202
3633 5050
2880 4346
9610 1740
7301 1090
3421 1757
2475 755
4080 5432
4363 4602
4570 2584
2263 8376
380 4529
6126 1912
860 2538
182 5908
5887 4912
7564 4105
8813 324
322 5820
1943 9444
738 9549
4581 2819
700 6932
8003 6872
3906 8929
51 6144
6125 2341
8352 3658
3284 6798
5278 3712
5289 7581
3312 6827
8661 9623
7350 4699
8972 3582
2939 6511
8981 4787
7832 4624
9535 6298
8764 1046
1945 9021
4150 4210
394 5022
8367 2730
8882 5409
6491 7460
465 7320
4959 2901
5060 4699
2133 486
9900 7818
5123 6077
8183 6030
4356 9136
6862 9602
8887 8802
6575 3910
5002 1009
1375 834
9968 8264
537 7821
8098 3492
64 9318
6868 2770
207 4889
9773 3903
3539 9136
1129 9187
4414 9970
4539 9549
4715 9881
1717 6501
5453 6335
1566 1257
9495 983
9895 9401
2695 593
4598 9387
4207 3077
378 5247
7409 9992
6363 4852
1983 9261
7904 5776
2212 344
5999 4028
8697 2711
6105 2841
5426 1932
5564 9620
6214 1202
2522 152
2214 5340
9119 7291
2923 7263
7289 4439
1691 3421
5109 5294
6313 4975
4208 9709
9427 6941
2430 5546
2725 4984
1920 3423
7584 958
8960 3020
1754 1764
8780 2399
309 622
1918 3529
1434 9743
8710 2820
1478 3959
4386 4179
9130 1092
1036 8197
6406 5974
4266 5985
2629 1341
4539 8966
217 2189
6320 2902
5326 6002
7952 1395
3101 9316
1289 6583
6479 9321
3590 563
7961 5817
5988 4201
106 9662
36 5452
4826 6055
8326 7781
167 6446
3837 9758
6028 6735
1880 4109
9213 3754
713 1027
9015 1526
4339 4863
7600 8545
1404 1960
3638 1041
5549 8416
5949 3244
1024 3146
8167 1046
6156 5088
1662 5593
5579 7853
3619 9867
4628 3946
6736 7357
7478 4904
3703 3504
6973 9265
1689 9796
7421 5613
1221 9108
9874 7148
4334 3860
8666 2926
4155 2019
7050 2809
579 6553
6764 6641
5264 7202
8220 7130
3592 7342
4313 7864
5795 7933
848 6158
9922 2253
508 4869
6830 8626
7546 6638
7936 4135
8221 2745
3456 7761
911 9688
7868 1164
7388 7800
753 3544
6061 9173
635 6536
4824 299
3288 2937
6452 5425
8038 1666
5189 6222
4863 6333
5611 7719
5718 4884
1970 7460
4206 9376
5108 6331
5290 313
624 9491
8548 695
7931 3349
6110 140
4701 3239
2362 5139
6088 3837
4978 8008
9808 2639
1387 794
9470 7466
3826 9275
7240 5095
5916 2295
7284 1909
1970 1531
3875 6009
6065 9993
4962 5130
248 5266
3762 5424
6292 533
6452 8286
8013 7388
4231 1833
9375 6160
7378 5243
7779 4383
5585 3206
9793 4106
8113 7462
4863 4601
9344 2902
7382 6343
3391 3219
29 5103
32 9108
3458 2961
5862 344
9010 3981
9814 5235
9871 1141
5083 3654
4992 200
6557 1457
417 188
9106 3185
1790 8570
6825 2760
1848 1096
3398 3308
2794 9633
546 2007
7193 3964
5446 2898
3293 2791
9371 5454
2099 6899
2493 1720
6675 4631
5478 5046
7501 1975
9088 3520
3652 8747
1232 4797
1561 1116
3801 4841
4345 7182
4148 2000
9421 4329
7913 7225
2961 8509
2500 2933
160 5048
9902 5125
5024 3389
5997 1569
3322 576
9520 9860
7806 6796
6778 4734
2285 1089
2348 8497
9818 9896
5323 6263
7519 9553
1956 3032
9911 3884
6138 4360
7100 4204
8989 46
1597 8554
6079 4200
8080 200
8180 1311
8543 4449
8006 2860
8200 8363
8023 1298
5611 796
4733 8029
2854 8113
7409 2859
1721 5820
706 5172
7654 5083
8240 7540
7178 6748
1629 4949
9689 9204
1247 3966
1506 9853
9207 697
9232 2604
1636 8739
3672 9822
3072 8743
2678 7775
8644 9971
2198 3249
7636 6026
4644 3492
253 780
7050 7785
1052 4641
561 4679
7665 1259
300 2140
4175 5977
6886 290
2245 9732
2784 2312
8130 8861
2026 8849
4782 9166
2866 6214
5371 4468
4135 7366
4504 9851
4086 2247
3752 1585
7628 8224
9858 9266
5931 2958
6077 1482
8458 8154
4264 5204
5283 4523
5204 4085
2088 1734
2272 6043
1798 2835
3714 9084
6473 1166
1994 4434
4551 4445
6547 8331
5902 4501
7825 9947
9823 1140
8655 2351
3215 1899
195 6973
2868 875
562 565
1032 8821
6817 6547
9342 4517
8977 1545
5955 736
6933 3146
9355 8566
4647 7806
7904 7922
3186 3569
2755 2918
6410 3957
2084 3535
5755 1216
5509 6145
5577 8623
835 8692
2278 2178
5130 5592
1513 6184
6860 333
981 3854
4525 2048
885 5673
9128 9477
899 2494
1400 9470
436 6781
8217 3064
4703 4690
1416 9828
4244 4594
4726 9933
3475 8572
8698 5834
5694 641
9627 276
5558 5495
2044 2668
9745 2348
9214 4205
2038 75
8332 1827
3151 6365
8761 7583
4958 9509
1146 9189
3492 9701
9958 3094
6797 4410
8328 7395
898 8082
2585 830
7558 2696
5927 6364
8944 4853
7636 1603
3080 3384
9744 2343
2022 4998
6831 223
9759 4263
2530 2482
1496 1608
5 6747
2716 1980
3357 9778
3460 3054
3183 7506
6762 9120
7876 3393
6166 2582
7321 6090
8316 1968
7761 2931
4811 6221
6086 6753
6091 6653
7533 8602
6307 5717
855 5270
6312 7735
3110 1761
1248 5444
7925 3548
1695 6148
3802 1537
9998 1073
60 6761
6492 4368
326 4556
6021 701
5985 118
6008 180
6206 6183
1840 4556
7970 233
9085 456
877 9310
3084 6132
5774 6221
3286 5315
8018 6304
4027 2836
9857 7869
2344 8291
9091 1149
1764 4719
2000 1826
9118 9553
6974 1145
9188 1687
6892 8622
8258 5912
5361 5274
8225 223
4407 6125
3999 4620
8735 9605
274 8292
8776 6898
2271 2202
7565 1787
561 6327
3263 8117
9469 9243
985 5932
9510 1734
2637 8929
7371 4323
4933 1423
4340 6100
7270 8788
2930 2310
3200 3198
9488 5434
9710 9722
1251 1384
286 7455
216 7376
44 1139
2323 3983
6530 3330
2166 5154
421 7504
5826 7954
7738 2573
6298 8983
1301 6170
4690 7162
606 2279
202 3403
6391 851
3053 9602
6562 6541
8597 8866
1292 5291
388 5968
677 8604
4161 4169
9559 6805
3595 7956
9346 1248
8931 4389
4057 1254
1198 8489
7860 8601
7763 5227
8617 1447
5304 2558
6132 6396
3798 1903
2712 6163
1169 7773
7554 365
721 7320
1876 9459
2684 7703
4361 6916
8274 5010
480 7775
3627 1949
8122 3212
8647 5976
662 9901
395 2595
2243 6428
1765 670
1405 9722
1296 532
5878 9816
691 3004
7308 8199
4152 5573
9597 831
89 4223
5506 393
3820 2343
4022 8343
3434 8666
7844 4934
7849 6062
4232 515
656 8
1837 9211
5172 9825
9230 6680
5804 911
9856 9714
7274 5238
1169 7390
8791 7719
8169 480
1325 4075
599 6237
4214 1073
1833 3925
6242 9654
2574 2979
511 1154
4795 3926
6122 5214
9854 9928
1372 7317
4294 4917
1980 9262
5371 5405
6408 4786
5810 6234
4530 6643
9531 1028
6172 2312
6469 4279
345 1694
2204 6489
7095 8884
6999 2647
4366 7217
8817 8175
1421 5980
9622 7502
9743 1558
6 1461
2501 2355
9045 5709
9429 9568
507 9173
9577 6377
5551 814
9346 7197
76 2431
7450 5552
5820 4794
1775 227
3418 5415
9242 3757
1690 6462
6747 4887
8331 6808
4144 4285
5796 6373
1704 9355
8295 2414
3225 4481
5729 3986
1434 8900
9212 8998
2357 9006
5939 4557
5837 7370
7787 604
9644 9456
3769 8788
2068 7801
5568 8069
107 9716
2264 4205
8039 730
9030 892
2098 3938
1974 3644
523 6591
7809 5463
7589 5435
8486 8390
3814 2637
1894 9264
2169 7494
2868 6595
6382 6775
1707 2679
7856 711
7146 3779
4668 562
3023 8682
9956 6508
2899 7607
2290 3261
9822 3276
340 8781
6588 2946
4583 8332
4246 31
5341 1542
4149 6826
7148 7271
5659 8372
2967 4473
2241 4440
1428 1814
1325 5094
5036 5808
1049 1258
9971 4397
1438 5663
4365 2809
759 537
5814 4193
4774 9548
849 2167
57 647
6108 1320
2968 7813
4039 9872
2184 1203
9679 5393
7030 3552
2099 656
5367 8413
9062 4462
9786 6575
8771 77
8904 1906
4235 4391
1109 6305
2646 5933
2521 5675
2714 962
2973 4922
1053 1498
9167 1577
1280 1429
2036 3813
597 8958
6907 6670
1149 5745
548 4463
9915 193
5432 4077
440 8561
8896 3238
5970 1781
5716 8443
6940 7737
6519 899
2871 6926
3484 6651
423 7341
2761 1323
6663 1200
9931 4876
5810 6150
5651 5872
7743 2792
8770 574
3491 9164
6493 2151
6886 5368
3888 1801
5437 7500
5933 5267
86 5761
2724 9526
8313 5497
3759 5536
9300 7292
1686 8988
3384 4109
4087 4636
5464 3291
2290 5256
381 2355
3770 5425
8558 7302
5714 9400
7376 8455
9002 3853
3753 1095
3914 9591
5310 5284
1738 8885
9026 8558
8436 2661
6547 8084
5609 6823
7525 6868
2918 6887
8378 9616
8590 1031
2066 9779
3165 6621
3463 1634
8788 2829
8254 7799
948 8174
9136 6882
6944 943
74 8516
916 3286
246 1639
5522 519
3980 4905
2491 3596
3337 9907
8815 7856
2298 8453
729 8947
3039 6030
5136 3149
30 1049
3429 1952
9545 8156
2027 2850
6831 1287
9330 7502
9287 8533
4022 8313
8735 6091
295 8135
1902 5845
9014 2069
2401 6070
8374 3981
6679 328
1829 2615
9235 9959
3856 7562
4913 5361
2650 1498
9496 5271
3527 2886
9126 3441
8177 7830
1060 4299
7771 1949
3141 1499
2248 755
9629 7086
3881 7624
3782 1107
464 278
598 2678
1671 8211
1506 8292
1956 3279
3629 9450
7637 4840
7193 7591
592 8962
6092 9773
7279 4026
1034 8560
5353 9732
3693 9661
2319 5330
8774 1174
2593 8999
3242 2761
776 8092
9771 9222
6025 6371
9999 9581
2491 6466
7485 9826
2031 3941
3639 5322
6276 56
86 8007
569 3344
2913 6582
5880 3393
3494 9566
2752 1404
1602 4778
4942 5451
622 9108
5237 8949
4248 8036
8881 7637
509 8755
9150 3288
1654 1408
2373 6536
4064 9772
4724 3029
5368 7672
8665 7009
1845 3033
4814 8295
3188 196
9313 6905
1084 1976
4216 2025
3141 2038
9968 246
604 8829
7234 7383
1481 7845
222 668
5825 8227
173 6912
3777 6857
4975 1436
3911 8822
4495 7045
2317 5229
2079 7870
9156 8456
3841 3925
3793 873
5069 3996
3163 136
7261 763
5994 6898
4583 8546
741 292
9944 7042
6002 202
3205 9217
5778 905
8843 2286
5440 8470
7439 8669
8068 2137
3625 2608
2655 1401
6429 6300
5221 2637
5081 8738
8062 667
7989 772
9766 5923
2220 4686
1201 4413
9202 7415
2120 9431
7517 5395
3819 6237
5106 6843
7388 4492
8560 966
4464 3932
6181 6199
4148 8993
7308 1173
7031 3578
1683 8559
697 813
9676 9985
7677 7081
7592 803
5199 6840
6376 1150
9764 6235
9542 8392
8109 4986
6971 568
3449 9148
3069 6654
910 1766
3798 4030
1203 6162
3568 1753
3153 2308
520 2717
9454 5430
6136 1421
2100 3969
2146 7333
9622 9043
652 2845
5588 5112
9417 7231
1168 2070
4610 3097
2391 6665
8070 8080
4552 7512
6253 6173
6725 2872
4031 414
2655 813
464 2415
7028 6806
1629 3193
3056 4627
2192 3742
6242 1406
6850 6899
7500 8163
8219 9492
4287 6235
4257 2562
1276 4617
6379 6152
2800 5233
6627 3637
5777 9932
7508 1931
9338 6916
6209 5608
1820 3647
1540 2285
7652 8558
1875 7055
1997 8533
5999 4069
3068 2772
1072 5525
121 2917
7997 9804
6862 8171
7097 9277
7577 4831
279 8896
879 71
8011 2472
9181 8950
891 8829
9200 1155
2148 9018
1044 8948
5121 7591
7421 9750
4152 3612
2898 2995
7273 9766
5145 2844
3260 3513
8856 6285
1674 6565
5689 8761
7722 9859
8248 2467
8622 8214
2615 5546
1769 9057
2654 4390
9059 3468
7892 198
6537 7377
2931 1816
7005 1899
8552 2804
192 5033
9521 4016
590 1098
7467 7424
1633 5081
5217 9952
8268 6256
5184 6372
6071 8058
5873 9298
6037 243
1417 6900
1510 2111
4945 1136
1733 4593
6212 5011
6517 2386
4864 3317
2397 8165
1945 8068
4767 3407
1258 6377
6140 6412
4842 5119
3395 3003
6912 8655
7043 7514
4023 8262
603 3515
4749 4261
8679 2831
7781 1777
7538 8060
8260 440
9505 6747
1910 8162
2466 5147
4450 2880
5467 4068
8827 4148
5001 2234
8625 4055
6681 6697
8083 911
674 588
9617 2170
1660 2239
1685 9173
2730 1480
7448 1511
8961 2622
3910 6892
2353 2143
8482 4034
4529 6433
9188 1561
8503 7610
9594 2265
7940 8123
6570 7620
3022 4578
5482 6814
2752 2650
6333 2343
1689 587
1906 7822
5974 3137
522 9338
4217 6332
1005 2015
5349 2376
5081 8734
9568 5151
9406 9905
5162 4241
6088 9309
6259 2025
3357 9635
14 1580
6847 1022
8090 2603
4510 1393
9825 4208
3703 1118
6176 738
1172 4616
4863 3130
9356 6325
2128 5400
5123 9804
3790 8195
7310 1465
8196 1253
4243 3123
7243 363
6750 363
9414 7284
6639 3707
3509 4110
7913 3907
7726 7667
3027 2817
8332 6107
8475 4462
8857 7535
5949 1396
5252 1581
7067 2065
7384 6842
4181 4110
5768 1214
8503 3843
708 5703
9544 3527
6421 5619
198 3312
2376 3120
5697 5226
5409 4397
8254 6180
834 9997
9476 5426
9868 9015
3993 2735
8843 5176
9921 7923
177 8359
5735 9833
6605 4768
7167 1180
4913 6186
2871 2965
4819 6000
8715 984
27 8889
4252 4231
1790 6348
9059 8985
5135 4569
8052 6505
6422 3034
5153 8944
6786 1761
4307 5652
5921 4710
5367 3539
9682 1749
2342 8315
6553 9617
739 5354
9360 1586
1913 3473
124 7059
2444 4227
4703 9715
9865 6550
109 9192
9686 8421
1712 106
5603 9040
5276 5164
8777 1802
5321 1236
5549 272
6472 6296
3327 4753
9231 3096
3415 4665
6684 6128
5073 1842
9851 29
7069 4039
1360 5012
8628 5834
8073 4117
3356 5990
3214 1802
5035 5944
9946 5358
4826 795
8485 7623
3622 4996
9470 4851
9157 2675
9486 1336
1037 2276
2429 2860
4135 188
504 5375
7851 8308
8594 3721
8673 7625
2914 2509
1784 3658
7920 367
3041 9529
171 9346
7442 8070
4044 6761
4014 4518
3643 4908
6303 9591
2766 2626
6854 4358
6319 9035
2429 9927
5358 7309
6871 5112
4170 4219
8256 7765
5874 6405
8434 3196
7196 5716
9009 7910
1886 1298
2728 6865
5029 1997
9621 9719
5913 1232
6672 4882
7075 8137
1281 9034
2252 3691
5921 6157
4867 9763
5047 4537
3832 1793
5005 4549
8323 2556
1858 6590
635 1379
5515 5080
5823 4931
8413 8859
5619 3568
9226 5512
5727 39
2868 1909
831 151
9669 2675
2816 4017
937 6468
4497 8843
6745 1672
2942 8586
3005 3470
5104 5390
7229 6929
4752 4979
9226 7210
8472 4976
5421 1736
9137 3772
9031 2122
5342 426
473 4392
5592 2374
14 7092
6941 100
2564 3787
4046 6582
1133 1952
4671 51
738 5835
2357 7532
951 857
5176 8974
5464 7102
8307 7489
1117 4676
5209 8152
1017 5783
604 282
7449 4064
8690 9196
8250 9939
2929 2755
1055 8614
7133 1301
4333 1331
9721 4301
2396 2167
6442 9877
5611 705
1562 6697
7212 7607
993 4715
1236 2023
6447 403
9254 3179
396 4602
925 916
190 4177
755 9914
2329 8456
1709 3520
4089 2973
7298 6180
5285 9430
4034 4343
9056 6284
5330 7675
3419 4149
4668 2803
5251 3157
6111 6572
3488 620
9588 3917
1063 835
7510 6904
4329 605
8447 5094
6271 5425
305 8599
853 6111
3527 7411
973 341
7412 3010
9609 152
7545 7603
934 4392
276 6917
4839 4227
4564 6066
4222 1302
6938 9327
7245 861
7895 9214
6757 424
6635 6024
4900 1002
1126 4830
4589 6082
1646 2912
1954 731
5065 7853
7960 3956
6254 1056
1614 8964
9223 7925
9244 1611
9606 790
5677 3823
1831 855
8998 7349
9684 1426
4050 2088
5814 5022
3809 3285
6082 4909
8285 2677
5469 4374
3886 7750
3774 6957
3863 48
3501 1698
593 7096
4527 9267
9636 3266
4961 6086
2157 8133
4737 3562
4079 9418
6743 4197
8897 4046
368 1281
6338 589
486 2912
8439 9098
4349 5715
707 1093
6647 2253
3178 6669
9567 2926
1042 6303
7401 2336
1809 5823
4925 9367
7311 7238
5230 8344
3306 3352
3965 2919
7946 6974
449 8171
8166 4998
4454 1423
9464 8461
571 9446
5913 2556
2158 9481
803 7845
794 7833
654 8734
8095 5517
1070 3351
3698 5932
7278 2722
7186 7861
4507 6411
6824 4742
6949 4991
5319 7537
7700 1037
7587 652
4846 8595
8478 2721
2708 5846
8943 9085
1012 4649
1253 8379
7429 3404
1293 1840
1131 9526
4091 4379
5767 1731
7052 8701
93 9760
1675 8276
5826 572
7321 4862
263 7622
9727 7677
8441 737
8602 1962
9806 2936
5861 7570
5242 4991
8334 8842
9960 783
6223 9441
6777 8101
1200 9337
208 3024
3485 3584
8529 5049
8569 3980
6539 1713
9433 8567
3788 6528
1789 2824
2414 7769
8034 6936
7494 2099
8433 2290
3671 5800
6154 5509
483 2739
8217 1995
8823 8997
8073 8876
7266 2398
9218 9341
6203 4276
9951 1154
7124 8255
1172 7036
4947 4102
5405 655
114 4506
8126 6634
1919 3486
6414 9846
811 8073
5091 7950
5246 6557
3787 2229
6734 5329
9719 588
9114 4310
2613 2296
3428 8297
8907 1346
1147 5718
6376 3259
9737 7418
9299 4604
3868 1699
2132 8629
6084 6976
9505 4346
3239 6679
1101 40
7446 4383
6825 5185
6015 8735
1052 4142
6104 6659
5028 5328
1852 7584
6580 382
5529 7118
4043 5066
5918 495
4916 3664
5918 2412
7851 8838
4384 9598
5300 7351
3623 9942
4778 320
3544 8204
9646 9890
6573 97
2660 4748
6668 4256
3787 1195
1044 2784
8573 3870
7148 5487
5614 9342
1741 6943
8930 293
2472 5750
6979 9759
271 5336
9434 1110
8532 8921
3661 3041
7085 5285
8814 4400
3998 5573
999 9219
4806 3309
4043 1318
501 4659
3830 8903
3886 4827
9711 5108
1351 8096
3340 9354
1304 3785
2029 7291
3776 9922
3881 1233
5923 9269
2215 8735
3192 4513
3363 4974
7554 1687
9852 228
1589 5979
6617 226
5044 1992
3613 9399
7401 8796
8326 4677
3885 5131
6084 3145
2745 397
3032 224
182 476
4846 1375
7706 1044
2066 5869
4922 8291
9414 2150
499 9729
591 3082
8661 7357
3990 7836
1337 8660
2469 4286
9035 1723
4537 6309
9168 9365
6668 210
1940 1466
2949 2424
8263 2399
4076 9295
6808 2858
6642 972
2324 2399
6837 9146
1679 484
9455 5228
8634 2532
9587 8421
8033 3010
5809 6046
4964 1032
3974 8513
5861 3178
2547 6038
2027 4343
6353 1185
8406 3038
2202 9126
9383 1242
9747 8057
7725 4826
9144 8784
6092 2484
3656 9298
2664 4464
2982 2351
284 3293
3272 6261
1756 5027
9207 9596
4084 5045
5508 1301
4219 9895
7964 130
7397 2313
9443 7462
3140 7823
6394 7198
4976 2378
3815 1263
4066 1490
3187 4736
1348 6726
3903 9415
3590 3932
5288 6005
6953 4436
4494 2327
6968 2687
3978 7210
8542 7289
4911 1416
4039 9555
3521 6070
5486 8042
2494 5591
4651 7971
5687 4574
7501 2398
8783 3361
7746 9576
1840 9547
5829 2895
9751 3432
3136 5338
9437 9877
1692 842
6936 6778
5899 1276
1692 3229
9604 8255
6242 8504
5283 3607
992 633
7121 2864
9613 2449
9938 6532
336 1800
3365 2949
91 742
1207 2395
4275 8503
9757 4083
1188 3328
4785 3006
4512 2282
1764 7323
9552 2035
2188 3965
3935 349
5262 5639
1970 5747
3117 1125
9181 5577
1673 9927
4015 8736
7307 1939
4717 7645
1778 3473
2518 1697
2498 8117
882 2252
3815 9632
1184 7808
5353 1562
5041 9452
2345 1983
1396 1927
1376 4270
4043 8085
4971 6750
4610 9925
382 793
2355 673
332 8563
4073 8316
4167 4247
4619 761
3774 7431
4570 8098
8381 1322
1681 4598
6981 417
7752 6554
9785 5451
7082 9517
7326 3064
1327 3463
1994 3970
6498 4257
2242 7412
5720 1777
173 5208
2097 6899
865 7382
17 670
2244 2178
4558 4777
9330 1536
5423 4642
8089 7223
6545 119
8282 6712
3573 1117
1767 1666
8294 1881
3312 8334
2668 7013
7662 5727
1565 5031
4305 5614
7693 2815
1506 9332
7652 4338
7915 1093
2230 8567
7650 7073
6599 4931
3392 271
3536 4636
9200 2270
6240 5618
9536 9004
9924 167
5679 9120
9093 6241
3607 2680
3086 163
6407 9129
50 2712
7410 7606
3046 8758
8890 7330
9306 3135
4571 9266
7854 9002
2036 3017
7645 7040
3134 4620
1518 5170
9610 7057
4981 5658
9571 1992
3988 3314
9872 4160
2738 8768
6413 9962
9753 3499
9658 1952
6986 9576
1339 5294
3033 5557
1625 2746
6448 1277
4 2162
1035 5378
3825 5686
2322 6059
678 7445
3939 2753
7083 7062
7478 1706
5690 403
5523 41
9977 1550
5363 7547
2836 4650
4993 6317
8551 5022
5292 2097
1626 8227
5619 4923
4279 7265
6956 6195
6368 8311
1508 3918
4316 2853
4118 880
207 9548
3512 2843
7437 7868
2671 2208
7625 5777
7003 9216
9318 7649
6658 8290
3782 337
8756 8152
4438 9311
6093 2880
7415 9398
6799 4926
406 8527
4818 9755
3959 5876
9273 9189
6079 2177
5798 8823
2958 8321
7771 750
568 6510
7233 2660
3503 6225
7424 796
2729 880
1417 272
579 394
1639 5507
5623 7637
2625 798
413 2824
9367 4399
8621 9477
1764 6784
6563 4315
6320 738
4324 9712
7115 65
9252 947
9434 5629
3071 346
6716 1086
3555 1505
4516 4287
8330 8666
795 9786
2219 7635
6282 4788
1109 1797
5388 4953
7828 1261
8626 2874
9582 5483
6628 6992
3833 4355
3612 4817
9761 4830
8213 8065
8142 7970
380 5820
5466 5225
1248 8886
7365 7150
5661 7316
8611 5147
3424 3461
9251 9016
4021 2531
9542 720
7142 578
6297 2232
2552 7731
9542 8731
3243 5398
5556 3616
9752 4002
6824 2195
1240 7531
9619 6110
6221 9339
6304 1068
6387 327
4810 1344
2655 1856
317 309
3403 6941
9111 878
5425 5693
1456 9485
4327 86
9882 3201
8974 4309
3044 2937
1521 5054
7812 9073
5514 3430
2506 1179
7380 6001
7922 1182
3191 9847
8292 5481
4387 7807
1512 5070
2660 2470
3871 3311
3416 660
8172 6790
9653 9934
148 3669
4395 7286
3764 7505
7400 4901
908 393
414 1675
4147 9587
880 5997
6704 9857
562 7231
5532 1471
7598 3169
9050 4540
9701 2007
760 3404
4146 6036
715 8035
198 4498
9818 1852
6521 4722
5118 4616
6959 1431
8060 2540
2373 3353
7126 3496
5448 5713
878 9280
4212 8418
4960 4965
8835 9464
1769 7921
5650 4795
9039 5382
549 5255
8417 3814
792 7538
5326 77
8343 2026
5425 4668
6237 9454
2603 9355
7287 8656
4779 2413
141 4410
1648 2112
9818 6031
2888 5230
8468 4869
3849 3400
8418 8972
1333 9975
3781 5764
3800 6752
2458 4614
3353 2691
5423 8865
1534 8859
1265 7901
5206 9155
6842 3905
1759 4391
8402 4767
7790 9993
6309 5115
6876 633
8795 1288
1893 8873
6318 4584
8264 4452
3110 8757
4456 1898
1955 6036
8108 7279
8240 2888
2864 3965
5099 4579
2752 8017
1261 925
8650 6888
6072 5018
150 5250
9661 7734
3641 3960
9646 7889
3777 52
1272 1020
5014 1315
76 5282
9116 5367
8394 9395
5207 5917
279 6359
5406 2826
7860 1985
782 6349
5788 6126
3859 1896
909 1164
3054 2613
6083 2560
6088 6097
9574 8391
6468 3936
3081 8600
6338 3001
3943 5805
6829 5706
3393 3159
2125 9522
6242 473
7544 5980
6791 7395
643 8481
1866 3290
9689 1052
5655 8431
7259 4092
6268 9307
7818 3976
343 2774
5126 8222
585 103
3652 1723
8016 9539
7330 3821
8445 6221
2555 1436
1785 2469
5242 7142
2749 4325
5971 1212
2586 8125
7780 1285
4446 3239
9655 5748
699 2266
6298 1385
6028 779
6423 6952
1126 2233
9122 3260
9613 8024
4140 2614
9770 5805
4897 2697
8654 3610
9105 191
584 1617
4553 9360
1208 9683
7626 1374
9993 4754
1838 9432
9556 6351
6982 6283
2971 1069
4720 9072
6885 2631
7313 3393
585 366
2056 9647
5617 259
9466 6739
6263 3507
4027 1676
4547 9476
3928 411
6850 4679
3580 3903
4285 2561
2276 5896
3037 4229
9443 9532
626 2996
899 7141
5439 3278
7884 5717
9813 4704
9135 7909
9097 974
1890 8965
1428 2103
128 7323
62 476
1885 259
1838 9444
5783 3329
9853 2818
4904 6905
7485 5155
6006 7005
4812 6219
3486 6
832 5112
5378 6588
8848 907
5184 3466
8176 446
9698 5815
9974 162
4053 4425
4259 7418
8696 6840
50 7783
1690 6363
2064 5043
5574 7325
2764 2644
8705 4617
6368 2497
2706 2503
8620 3711
8416 9640
4477 9050
8683 5146
2830 754
3650 6294
5379 2432
1905 309
7696 6520
6973 4407
328 2474
365 9600
5908 7568
5435 6685
5295 2507
616 7239
2417 7034
6354 5774
4088 7711
6110 1469
7935 9908
2321 2083
7173 3412
7590 8822
2122 9777
6455 9583
3085 8637
5854 2476
9235 2812
4848 9278
5329 2168
5091 7334
3606 4111
7152 4590
3510 2
581 7725
4696 3610
9439 1446
1678 8612
3703 9132
6349 1079
3882 2285
3774 8468
1248 6972
7355 4675
4421 7116
6623 4387
2605 3593
8311 9855
4597 7904
6526 1665
6449 7492
3544 1892
431 7903
6263 4788
8640 7879
870 7411
1361 5538
7212 6986
5613 701
9874 6258
6566 9548
1960 931
4329 7385
4973 3946
6293 8561
9510 3349
725 6981
4343 9429
1644 6271
8936 8002
4201 6295
9919 614
2936 6485
9709 9436
3620 8002
892 5373
996 7359
2305 7192
2614 5556
1441 3318
3116 1824
6131 7858
6806 254
4009 9049
2032 6310
6402 6112
1803 385
8505 4887
920 4756
4686 7492
4193 8535
3781 4175
8023 7281
9787 4919
3921 4649
3052 8082
8271 2376
982 2194
1608 1636
5953 7261
5468 4623
3949 2833
5384 6844
4265 2705
7904 2573
9626 8300
8368 1536
2320 9298
6057 5515
1383 9380
7765 8374
772 6632
4989 1103
6033 1337
4396 2113
4142 1371
1664 9765
9604 2143
2252 6655
4705 8684
4068 4927
459 665
9303 2662
6430 420
2716 9911
2860 5426
7884 5237
9776 9552
2104 6780
5483 4407
8812 9937
7605 4769
6285 931
6666 6548
5555 6810
8726 2694
3014 9721
3460 9044
8945 7885
4037 7270
3174 2190
4452 3456
9551 8051
2487 8801
4431 124
3031 6797
472 9281
9533 2553
7519 5326
199 2922
3536 615
5088 8340
7343 237
8273 5942
1368 6854
5137 3531
2788 3755
3221 3907
368 3055
5029 8798
7809 3656
3611 5154
9447 8509
9844 8719
2112 5780
9367 8024
6362 8454
7586 5715
2433 1601
1139 8582
9084 4764
4283 1116
9049 5562
199 6403
5278 2969
2225 7244
3326 4723
4453 7252
4517 8187
1240 2806
794 504
7599 4818
4723 3998
714 7605
9168 1055
1692 2227
6955 602
4006 9019
9600 1846
4893 4431
5591 7216
5345 6522
6255 6992
3564 5611
522 7981
8683 5629
2329 2091
8908 6664
3799 1600
4890 6792
8233 9438
7236 1048
5534 7532
6192 4495
2363 4303
754 7323
7812 6610
4590 637
8654 3668
863 479
8996 4183
63 906
8328 422
2828 667
4447 9244
1061 7915
9322 1109
2000 9880
5281 8812
2048 8762
8225 4036
3435 8404
3836 7386
2194 4811
3120 5808
1560 8985
2696 5238
2597 2662
4851 8285
40 132
1895 6963
8259 4494
8838 5876
2831 507
5957 6080
1164 3955
7998 9838
3410 7807
8629 4620
5881 7097
2517 6717
4164 3588
3355 1971
4501 501
8478 3067
3617 6725
3759 9323
8245 8352
1212 1862
9222 3191
8165 8545
9421 3314
271 7646
8757 130
426 9913
7425 322
7631 1745
10 3564
1351 9410
4392 6528
4116 9454
7834 5387
4496 836
6316 5850
5945 5648
5707 1341
459 323
8521 6485
9126 494
5917 4302
2676 8254
7907 4256
9267 3964
3361 7077
319 7589
2975 1404
5762 7259
3590 7274
4022 9688
2779 3699
1759 3607
6512 9328
5977 9520
2337 8940
6576 7236
42 4945
1130 1313
4547 3477
9116 5817
6223 595
3897 611
849 9163
3876 5048
3503 2900
7540 2670
8547 912
8027 7106
8337 9322
7813 6779
80 4241
2790 1610
6061 8588
2129 4282
6725 7129
7116 5813
6597 5221
7341 7966
7403 6715
6420 3626
8498 4836
2888 4024
5945 7475
2812 3595
6737 2436
5036 4469
6383 695
8500 4558
8035 7358
4948 2358
7300 487
8378 4521
2641 5563
1431 9919
5018 9828
8474 9993
1855 8648
4485 5951
9439 3557
8338 9585
6735 4413
5762 7089
8008 3612
2492 8157
7286 8861
7790 3657
3579 8016
4924 6666
6982 4365
7644 79
7377 9956
5737 3149
2883 3020
5346 5614
7753 28
5145 7271
3811 4256
6086 8406
9463 1777
9172 9760
3504 5813
6794 9654
559 5946
2955 5503
8240 2267
6325 7177
2438 4214
4871 4010
2863 6444
1350 6875
9255 9177
8295 1431
6132 5689
1628 8913
4406 6062
5566 3234
1455 5110
3257 3959
5699 7951
9728 347
6407 2208
5574 9741
4734 5365
4681 7163
3608 4744
8324 8923
9959 8317
9058 8075
9375 6528
600 7013
5123 6337
6824 3371
6776 6426
1776 2584
8554 9572
6718 109
8254 5061
5015 1677
50 8984
7451 5264
641 1432
8760 9006
9396 3506
299 559
540 2183
254 9324
8302 7042
4697 523
834 3313
1529 8416
3982 3516
2732 4438
7401 9656
2847 22
7929 1848
3974 4232
9293 8124
8577 329
781 3533
4714 3798
613 8951
9243 9662
2372 348
9818 8965
909 9920
1602 5211
6304 3761
1911 1940
1230 1431
6731 1195
2092 2543
142 9421
2779 130
8952 3310
9645 2970
4231 9984
3132 4975
330 8092
5765 1794
6017 2828
5963 7408
5269 5271
2259 7307
5196 6724
3393 5220
7205 6883
6206 9714
5225 2152
9567 5352
8694 3485
3719 3161
8531 9905
4633 7055
5961 140
3893 3009
6089 4611
6216 3471
2711 213
9412 8114
820 8426
1245 7929
4337 6350
9846 4603
9146 1123
8201 61
3188 6820
5780 5066
8011 2832
5724 9331
4551 4314
3635 6096
962 810
2961 9376
4265 1811
4859 7521
6654 6186
2327 5119
6023 4781
3759 8376
9373 5218
163 8529
9094 3959
4765 4485
2406 6548
5575 8175
9916 1184
2804 2010
7109 8546
6106 3799
3424 6770
9761 9431
4719 2966
2868 351
1308 5160
3943 8619
5257 1136
5198 5071
7460 3583
6425 7567
9759 5810
4195 7417
9439 1081
9620 1255
4350 1204
9046 8537
3988 7096
9376 1666
6403 1359
1478 5981
93 1147
5457 9011
6213 4216
9330 7392
2892 7106
7128 4712
3526 1934
9751 8440
4130 886
4998 3453
5144 2138
667 5253
245 8859
4741 1470
9498 8873
3101 6236
3107 4020
7174 9237
3209 6502
5907 6029
1685 4740
1599 2716
4132 5915
8593 1951
9393 2819
5821 6094
8344 3790
4578 2267
6040 9508
7487 5220
4286 2656
5101 1130
741 702
7801 7893
4961 3487
2645 1099
4036 9908
3962 4851
6890 5936
3481 8986
207 4918
4459 9062
8398 183
6983 7789
2184 6541
6766 3039
3393 9595
1609 4517
2717 4479
5346 6407
5502 2267
7511 3408
8113 4547
3494 3093
197 6888
3617 843
9101 1875
7944 869
5776 1368
5124 6974
8013 3166
1077 3573
6004 1225
139 1474
5844 9674
2808 5991
4575 7586
4746 9471
2755 9979
9665 6747
490 687
8066 4661
9029 2896
7715 1149
509 8149
9069 7948
3608 2792
345 8617
1465 6415
897 5075
2296 7012
2238 4824
4642 7546
7210 3243
8757 903
9830 4313
1494 4837
3785 8479
2216 6746
5474 5559
3980 3834
4910 7817
5685 3465
8528 1046
8374 6027
4301 461
8918 6652
7350 7552
3164 871
6029 9278
8288 457
2136 9682
9203 2492
7138 8333
183 5081
3970 544
4552 5075
3010 5909
9965 5668
9874 3803
411 4683
2143 8508
5765 1918
700 6848
3957 6357
3019 8921
8901 8847
8409 5700
8514 8525
8598 4173
9523 1924
2509 9036
4247 3330
6189 3
7865 6183
4572 8298
1121 9278
7487 4778
8778 8346
3625 9642
3290 1319
6822 1857
5181 8060
9029 6438
8037 841
9900 2864
5497 4497
195 5662
8137 2297
8925 2097
5946 4232
7916 1356
3536 8948
5775 6034
9057 9996
402 7115
6991 1009
8431 9151
4157 2315
3167 9576
6518 4067
9951 4955
490 4347
7257 3800
7064 5259
5223 3861
2781 3528
8481 4586
7609 3127
482 1186
5584 5126
4797 4774
1241 3308
3065 8880
2404 8738
4330 7287
778 6558
7777 1790
4950 4926
9286 6171
7912 225
3756 1845
1438 3265
3512 8373
5289 9696
3749 4012
2664 6240
6468 8421
5429 1133
5988 1218
7741 2466
986 6588
2746 3075
3357 3812
3626 1534
9927 5244
8756 5624
9831 5917
1652 1230
7638 1537
3308 991
6724 3084
9355 8541
1496 4304
2808 2875
729 9374
3722 8647
3555 2279
4674 6046
5596 8400
1777 1334
9072 190
603 5253
3426 9548
9166 7084
8555 1234
4277 9715
5129 1038
8246 5791
2737 8056
4239 6841
4402 8062
6474 8086
1153 3033
6006 8103
9934 9096
53 2121
2745 6858
5098 183
5175 3896
7056 3757
6692 3662
1595 7675
3869 9375
1627 857
6388 4144
1796 185
7713 4159
502 329
2039 5982
1658 2027
4550 2678
8524 5588
5802 6595
4214 3835
4269 5620
5403 2194
6865 5273
1751 7628
1246 710
6960 1651
2936 6163
8131 7507
3533 6797
9404 2366
4890 1611
872 7298
4844 4090
495 241
6546 6635
1516 5958
4883 4146
5906 5711
4557 6225
4274 7493
1333 7867
7658 5630
8155 7849
959 2776
3523 3541
230 2008
5582 7137
22 2054
8361 4475
2599 9123
3491 8164
6027 3047
4770 4287
4976 2640
2151 8846
2240 8165
8747 9771
4324 5585
281 545
5977 6273
6926 2130
6548 2838
9661 7915
7663 9087
3637 6091
2015 9104
9551 4899
8836 6333
1933 1019
9506 4112
6836 9066
2745 4602
2547 952
6993 5585
3980 6653
1992 3182
7850 7768
2511 8986
943 3605
687 6491
8807 9118
5709 6373
628 4650
5428 992
1340 4951
2731 2188
3856 6864
3432 5197
6418 6638
2492 7061
4017 327
3294 8194
5270 2360
1056 4407
6782 6806
6317 40
8927 4075
9022 130
6443 6497
9132 9788
7836 6323
9639 2429
5434 8977
4399 3694
8689 6109
1613 2025
4562 4442
5012 9157
8141 2388
4789 2421
9857 6504
9508 2891
12 478
4061 7358
8448 281
6334 4556
8451 8042
1000 1625
2594 1198
1062 6388
9619 8358
2704 2829
9281 7155
7493 1937
6474 9477
5958 6166
4852 8600
4281 1418
4205 8839
11 7462
6449 4882
5604 6494
5176 6105
5424 8224
7638 4298
7915 4195
8209 796
8978 3325
5642 5602
1573 9866
9607 3919
3365 9665
5100 3007
5977 3202
1923 6357
2368 13
4951 1588
2341 6569
6433 4942
4614 6429
9728 2048
9609 131
6600 3888
6144 4512
8148 4589
1128 545
7742 259
3047 60
5967 7395
6363 7783
2769 2300
9969 8532
139 8589
5594 965
7738 5013
5123 3746
6279 7585
8639 4239
9616 9283
7321 6215
1753 25
9458 4532
6604 6681
4273 2590
2013 5954
7420 4698
3439 7980
7234 5847
4491 4114
9148 5346
9825 4892
6654 8496
5586 9799
6682 2043
7239 9117
8970 9515
3777 3945
3106 1430
2836 2911
6638 8504
2293 241
1566 2793
7127 9787
584 7086
4712 8926
574 6782
9767 2126
7251 394
2947 3982
2568 5812
7849 9575
9504 2218
4198 9164
4585 3924
5076 6053
4955 4909
3752 4307
354 1165
3587 2189
7787 1530
3817 713
7087 9578
8994 3340
4348 1460
8385 4115
5346 661
5744 973
7980 9655
6058 8835
6811 4435
9855 8847
5601 6547
6051 7421
1434 8463
6177 4431
7567 3097
6494 5962
3685 4198
5289 7593
8499 3629
4817 7701
856 1433
9277 5984
8003 6845
6292 514
5931 3071
4714 4178
7878 3652
5459 5110
828 8796
3913 8177
6121 7203
3826 8835
1945 9603
7957 1665
1026 3146
9762 774
8896 352
1504 9013
196 1418
9511 9892
6401 9253
1873 1361
4782 1385
6814 589
1013 7689
6643 5503
2644 7898
5980 6837
3822 8148
8184 9182
6541 8289
7022 6771
5089 1308
8131 401
7846 5775
7463 2162
4502 389
1205 2924
4836 9102
4891 3023
3436 3581
2936 8913
1410 136
1818 9733
619 1972
3442 1785
2852 7186
293 8617
4055 1840
8461 3763
560 5622
5907 2194
2663 1290
6398 3959
418 6441
2835 3448
8256 6769
3339 9694
3808 6548
9424 626
1631 4707
8786 3036
8869 1364
1546 2534
9722 9860
270 892
4932 3206
3220 2105
9501 2419
3237 5350
4590 8140
9278 8669
368 2008
6708 4420
9881 160
9109 1946
3983 2873
3011 7971
7998 8764
1844 5847
990 8396
2445 9194
1075 4464
3910 2305
8448 3883
5198 2533
5315 3083
905 3608
6970 204
3800 6350
825 6851
5137 8796
3466 9157
9318 8669
8275 4693
7598 1260
8914 1438
1746 9246
1179 7225
9522 9139
7862 7629
9849 7699
4656 7391
2223 719
1841 1225
6761 7214
989 9486
5440 2197
9336 4109
5254 4403
721 8402
1511 4768
4076 6850
2437 4415
1715 2539
867 2148
3941 4900
7104 4568
7407 9156
7445 7576
2628 9655
9672 6841
7298 5610
160 3631
7528 3275
9885 3857
8533 6406
3986 1381
5105 6898
7429 7553
2224 9803
1308 2067
982 507
1788 5688
2886 4661
2395 2606
2768 678
2801 8961
6408 403
7695 2548
7871 174
2968 5850
9191 5897
8302 9579
7638 5221
5399 6696
3001 4006
3887 4315
521 3949
312 3550
2197 6123
8110 2859
7619 3578
145 835
4361 182
2767 4882
4042 7813
2507 3272
3578 1760
1416 3053
7726 8889
9515 3767
9952 8361
1751 4420
6206 4733
7210 543
8333 1011
1654 153
782 6922
9649 6185
2869 3626
7001 9031
644 9643
795 6492
3844 1257
390 4096
9087 2385
9433 9377
7572 3231
6806 137
2952 5605
7906 7288
4265 5172
1061 707
5502 23
9591 3520
917 6690
5847 3965
5619 4095
11 6219
5179 4637
8446 4824
4810 9468
8871 597
9770 1610
2564 9251
1937 1237
2078 7137
5219 5396
6006 7478
9204 1384
4180 5037
9366 8566
9843 8657
8588 9472
5785 2304
6211 6510
385 2506
5870 4036
7729 3303
9753 9051
51 7008
3886 1900
4440 5775
3167 5323
3520 4733
5691 862
889 6855
2394 7768
4921 33
8450 6164
8898 7944
5313 7923
9490 8052
7138 1741
5246 6956
1987 7846
8444 8670
1021 609
5159 9128
6370 3391
7275 9409
474 1267
3814 8233
106 1562
2110 3440
7709 6542
1555 3304
769 804
5578 9480
5802 8603
9581 7692
2512 2008
5672 1736
225 2974
3301 5387
6953 817
1773 1986
5946 8265
432 4363
9464 5837
2633 6279
1981 1771
1101 1044
1327 8737
5685 8989
1584 8825
6410 257
7750 9804
8074 1749
1928 7126
7562 5974
6989 6350
1378 9684
3814 2584
8463 6192
6832 908
7354 1666
838 524
6741 8873
9762 3
196 6956
2045 1918
369 7898
326 1618
3664 3013
9031 4942
2988 1954
9846 3691
4969 654
6893 7047
9147 5805
8567 8256
1064 5262
3881 8088
4027 7310
712 7409
8622 4882
6726 2600
6144 1443
7524 2083
9511 394
763 6187
5516 7275
4105 6562
3 3183
2081 2132
6433 4115
4290 7121
5785 8552
2312 9769
7713 5704
7960 4572
958 7149
7068 855
4342 1975
6387 8282
3929 7154
9147 4522
4901 7496
1882 9301
3674 2131
9395 4364
8771 3009
1703 4459
6138 7828
1532 901
4711 1538
4771 9641
4626 1193
7188 464
7624 9085
3857 3804
3194 6592
3262 5963
2738 1646
8296 8240
3545 5036
4845 3840
2578 1538
9035 4402
7321 2992
1517 6335
3813 1943
4146 2762
4898 8764
7318 2469
5317 3132
4053 333
1824 5259
4390 921
232 5913
2191 6984
1035 2222
5874 6214
8739 2581
799 8510
459 380
5568 9489
8820 9808
1973 5086
4840 7070
2227 7775
4866 4697
5152 52
6603 5696
1457 3881
2674 1455
3691 9522
1985 7561
9757 1813
812 4620
2641 1430
3482 2648
7310 9746
3043 8347
2112 5840
3312 95
2499 7648
8431 9529
2979 2845
4052 7161
1145 3097
834 3020
9439 1335
2906 3198
5619 4385
1722 485
9994 1031
4882 769
4544 6041
4831 6707
8372 8210
3553 6865
4129 18
4808 980
8536 5218
7251 8584
2716 4954
3436 5461
4039 3695
6223 8384
4605 5508
1741 2088
7394 395
4601 3036
3960 7811
5009 1356
1719 1967
9451 7036
2164 7561
7319 5699
2149 3255
2962 5386
1692 3116
6315 3622
4401 3824
5738 8482
4663 1136
2045 4435
3898 6606
1108 2816
7273 6004
5163 5957
2049 8179
6290 4576
1256 8315
2077 820
8053 8657
2937 2969
1287 261
6937 3678
7976 8024
5551 5801
7585 1717
5438 9904
5427 2973
3257 6893
1568 3534
3100 6594
1747 5101
1835 5741
8715 4709
8317 3642
1879 7119
2115 1170
7248 6980
3344 8889
8911 4639
1682 7770
4528 2956
6825 4272
1047 9637
1004 1993
464 5989
5345 4022
4789 4248
9249 3289
7236 6104
7444 652
1901 134
8929 8389
5017 2299
5510 7600
8564 3053
9609 2976
9978 6954
8542 7336
8797 6621
8519 3181
1955 449
7991 3994
6416 5564
3466 1998
3506 2993
5198 7480
9453 4626
7406 6709
676 853
7311 5716
9673 9858
1137 1668
977 9640
3805 2119
9427 4961
1468 232
1622 5860
8592 3584
5715 3680
8988 9894
5362 8536
4912 3385
3573 4916
9634 9079
4928 4333
6499 1541
9406 3772
8431 5343
5563 7685
7857 234
303 480
1926 4033
7512 8050
7910 4149
9476 953
5584 5725
5449 61
4103 5058
8303 7817
891 8197
4930 9636
931 9498
9951 8443
3360 528
2801 3478
7717 3401
2410 2234
7023 331
8635 154
7878 3799
5034 5898
6604 8351
6833 9517
5299 5013
3132 4358
1057 127
1755 7289
5235 3912
7710 9311
9594 6491
126 6939
1897 6273
7819 1913
2872 9389
1472 254
8006 6378
6136 5388
9364 1391
1760 8298
1286 7227
1076 6806
3772 5563
178 3545
6546 3270
8864 1284
8556 6506
9507 1373
7796 2982
9882 2036
6947 4060
4521 9255
6450 5294
3950 2817
5194 9038
1994 7905
4413 8456
4353 8061
4370 6960
4976 3944
970 5356
7823 860
7266 2580
20 2344
8689 2957
1425 2941
1409 5360
63 3518
4887 1688
9861 4772
7080 5526
3486 4582
8621 1554
9524 3999
143 193
796 3996
2022 151
9749 7129
4571 4006
2543 5249
195 2666
7482 640
9277 4508
7415 8740
6483 4412
4634 9398
2304 1347
7347 7051
3582 8069
1226 5569
3235 2197
8276 5311
8198 8423
7856 155
5129 529
7261 8099
905 7665
4736 6590
2347 4930
6534 6409
4822 3113
8141 3005
7093 7637
3885 8432
5397 6332
9816 146
1687 324
2304 8196
9231 3959
5024 8922
497 7724
2187 27
9963 5891
6017 8723
8414 965
8201 897
2818 4044
4287 7260
7662 240
1698 9467
5501 1248
9983 4768
4896 3566
8758 9485
6711 8224
6285 9292
7246 4725
7142 7719
9433 7830
4136 5514
1677 2092
4956 8925
6995 7384
2470 4402
6386 1978
4950 1933
4095 1684
9147 5942
9041 414
9852 8266
8726 5696
6394 4323
2425 5450
3345 9438
5943 3927
4801 4686
4537 4932
1803 4107
7460 5591
3990 2204
8170 9528
6303 6504
6565 8763
8701 7924
5145 4471
8874 7487
8025 3031
7905 2799
5827 8203
3732 9903
9618 7767
4566 1441
1248 647
9049 2182
1609 6138
3439 8075
4657 1839
8245 9662
8330 326
7045 4982
1590 1393
1261 6506
9396 1835
2452 8678
8944 9755
2195 6323
8314 2269
5930 494
3601 5999
2507 4966
5154 2064
6691 203
3606 6902
1260 103
9766 3609
5117 2149
3509 5249
5905 1674
6212 8177
6337 2554
9218 5888
7106 1224
549 9043
3006 6980
7664 9637
4931 6293
7017 9156
789 4628
9253 1890
