360 933
863 569
135 74
443 260
214 720
460 914
632 84
112 316
470 761
30 520
377 305
798 261
28 158
423 762
874 228
454 847
859 54
869 589
472 583
841 794
913 214
638 935
458 5
445 49
830 872
931 659
538 883
926 301
197 855
937 197
461 665
480 790
524 756
636 302
668 850
672 40
254 538
298 960
227 542
391 265
587 499
931 649
527 519
497 527
679 858
481 762
963 454
12 99
496 399
476 780
942 840
654 320
565 112
494 94
559 475
960 63
870 543
816 688
175 921
68 594
925 362
105 387
995 639
798 786
798 927
772 451
728 87
467 698
712 311
997 215
925 845
192 178
735 521
477 330
314 213
664 616
980 603
492 917
746 68
387 165
574 717
372 741
529 694
772 294
372 45
578 913
974 322
49 498
475 107
186 374
978 826
820 426
488 239
368 235
544 751
521 446
305 169
278 233
459 672
643 498
174 640
823 574
256 836
274 175
406 792
258 644
518 996
464 866
277 617
226 646
233 969
339 544
819 617
370 877
373 454
629 518
881 641
152 665
702 161
762 345
767 858
460 396
250 475
294 281
40 89
135 383
404 859
672 812
303 253
690 316
158 718
902 357
386 901
665 954
182 73
729 548
458 956
104 545
98 330
508 277
544 186
86 944
642 952
527 13
530 983
222 403
193 344
662 532
528 87
364 844
609 431
557 867
497 387
971 783
737 407
639 858
18 159
435 676
905 475
127 536
839 533
781 115
316 345
699 781
546 810
598 657
432 243
276 332
204 199
561 105
386 533
684 408
136 743
42 471
322 155
109 826
303 556
521 150
453 529
274 50
823 169
926 877
977 770
842 100
615 959
641 55
973 821
382 817
456 712
989 645
966 77
463 95
485 185
994 226
661 99
329 278
538 751
82 128
553 915
812 736
693 943
79 460
489 923
182 210
411 621
161 451
62 610
710 212
517 640
135 172
261 758
74 992
14 179
648 72
180 16
315 311
278 750
949 830
658 57
670 761
542 346
685 109
845 759
659 933
627 287
953 722
800 302
935 430
292 641
752 65
428 582
941 243
4 587
683 384
678 448
758 276
48 812
878 174
582 130
810 534
992 245
827 13
449 56
144 386
2 885
196 598
537 416
745 552
28 202
285 171
873 917
909 285
110 985
988 214
242 267
115 801
257 369
867 609
855 277
901 369
100 579
618 588
160 772
837 828
547 672
992 671
63 793
51 175
687 145
691 135
53 871
160 612
878 830
30 88
561 345
424 353
259 114
396 347
946 2
903 916
716 248
854 681
527 535
274 70
876 746
458 349
229 527
787 994
285 666
784 598
784 142
875 438
530 127
439 328
527 767
309 760
712 334
231 902
925 185
37 35
218 237
181 372
505 355
356 345
842 89
160 88
348 171
436 559
140 493
78 424
780 427
407 284
708 683
408 696
474 361
836 693
196 7
746 683
343 607
829 748
779 675
0 160
607 678
789 741
464 380
246 291
828 779
473 387
789 381
503 656
511 809
455 44
262 658
749 630
588 132
219 552
457 324
533 817
918 914
623 898
131 884
762 413
609 14
450 64
614 664
230 893
329 646
362 860
169 308
251 388
566 225
763 323
152 97
670 495
935 468
278 542
524 150
600 343
879 479
238 277
88 150
437 727
506 954
879 823
623 814
529 783
968 832
580 249
824 282
971 237
762 857
366 191
27 672
430 712
323 845
598 453
608 182
127 73
838 908
172 904
306 152
565 253
810 62
468 645
438 778
79 656
248 707
301 886
607 451
864 371
682 193
205 243
633 628
542 745
779 755
887 845
541 885
573 979
32 631
843 481
653 80
785 144
173 827
712 385
816 520
761 985
128 51
185 346
62 363
848 698
529 304
58 70
565 152
45 108
803 117
8 498
791 466
206 340
707 989
689 221
511 269
822 542
11 713
211 330
875 483
324 646
375 915
482 781
114 906
489 465
493 613
709 757
31 264
119 817
303 913
862 604
768 233
625 555
131 76
551 969
802 641
995 945
133 506
767 165
729 383
709 106
308 971
675 996
229 296
867 590
466 227
999 885
710 359
497 113
521 673
807 379
94 228
308 664
349 620
209 587
264 22
898 981
601 166
244 355
574 155
344 883
896 651
509 683
460 674
529 289
551 905
206 468
889 150
150 581
487 108
422 276
600 503
253 348
258 523
51 275
88 177
834 766
789 635
495 933
952 228
751 925
243 805
258 269
23 841
841 179
384 509
513 961
560 379
107 200
200 950
140 365
790 936
651 62
568 5
606 843
473 232
719 757
556 311
368 361
716 420
346 328
80 570
849 652
625 537
622 547
941 244
961 856
738 116
645 365
488 294
178 324
156 276
476 683
809 541
43 282
392 93
306 267
939 229
435 824
875 551
191 592
350 973
193 822
243 985
898 547
647 625
146 43
200 726
676 117
856 190
141 923
320 184
424 768
450 961
69 948
619 712
799 299
362 741
664 588
205 275
323 105
831 824
744 21
278 590
950 966
596 479
521 590
25 663
657 30
529 146
986 500
200 254
664 326
278 651
612 74
931 456
845 154
313 213
963 545
640 976
822 19
441 200
230 152
438 919
796 41
986 357
996 428
693 718
215 743
907 424
644 385
597 115
940 593
792 554
991 631
809 550
380 555
144 897
901 62
477 522
753 747
341 671
390 153
384 141
478 25
700 863
802 987
975 749
259 283
746 842
147 149
562 972
18 953
495 928
605 491
728 182
430 728
684 746
894 256
634 484
522 957
208 60
10 924
363 31
703 135
651 936
388 806
402 475
798 675
954 813
109 551
800 657
220 582
960 296
505 779
679 77
83 717
3 162
450 529
866 474
621 452
401 82
512 336
377 637
389 938
208 548
896 520
287 921
750 947
234 459
338 275
962 563
739 137
96 330
764 355
179 584
342 963
579 207
582 538
696 845
723 613
835 990
535 560
867 729
201 898
608 922
941 567
69 395
388 690
82 657
942 62
335 516
918 309
58 105
427 556
55 229
65 72
497 700
261 938
910 265
269 367
183 427
614 822
824 630
605 871
483 819
295 81
139 413
418 351
202 974
595 224
561 325
353 641
717 908
555 802
697 543
69 691
809 530
18 125
372 690
508 751
472 307
749 930
330 452
597 512
437 414
981 278
163 622
563 383
66 147
547 752
674 431
49 360
256 276
379 23
564 500
940 936
459 841
426 850
205 521
533 111
464 822
806 871
910 175
945 657
801 613
81 952
566 780
537 800
653 415
345 419
964 572
162 413
533 958
542 647
337 924
706 776
477 340
280 443
139 666
233 140
994 248
916 572
313 70
799 974
259 620
960 389
104 901
480 911
606 858
332 285
163 877
384 761
475 885
249 493
390 555
191 845
328 358
89 832
642 14
591 171
306 843
6 102
512 512
570 695
772 557
322 518
91 378
46 9
115 91
163 403
624 628
946 812
849 571
93 533
902 187
643 558
21 445
612 567
712 236
245 17
575 300
181 4
683 348
552 400
321 964
295 953
988 773
338 628
711 481
338 414
621 583
494 486
601 737
435 216
319 807
651 390
64 728
42 150
821 341
105 690
249 247
703 747
315 745
687 169
84 949
828 73
329 780
64 401
861 633
103 569
997 843
960 350
763 442
73 439
216 414
663 518
626 372
875 921
992 369
436 281
327 682
810 48
47 565
233 282
306 811
701 804
941 531
895 307
461 248
283 465
313 347
899 150
904 289
211 551
695 212
103 952
426 49
578 881
418 369
318 839
368 997
166 915
529 46
724 185
850 238
343 419
31 604
918 885
895 968
182 98
865 358
464 146
235 884
515 16
826 138
687 16
120 785
818 855
945 850
679 899
567 10
521 251
203 632
233 804
434 498
964 35
953 991
594 594
916 406
666 458
328 338
805 255
472 919
490 355
631 765
552 165
287 46
401 536
513 841
460 286
239 145
403 753
26 115
396 721
733 430
464 432
437 893
651 33
2 360
699 955
183 60
672 652
634 695
329 838
825 48
329 886
302 767
156 57
346 299
62 526
546 569
903 280
876 341
194 301
693 498
996 73
603 321
842 450
586 305
662 552
192 900
551 727
712 406
716 45
138 639
31 345
312 612
530 148
212 642
15 54
684 986
244 631
126 851
662 452
961 863
70 604
670 290
724 226
741 718
139 274
663 175
292 894
496 999
21 12
31 701
206 368
771 559
24 470
276 857
248 984
969 373
761 513
803 236
157 546
297 852
239 864
961 995
874 543
586 339
637 364
762 943
200 585
310 134
65 684
248 499
35 511
597 824
144 895
650 402
676 376
926 704
486 589
364 116
442 747
5 218
92 778
733 347
124 652
877 886
211 221
291 402
466 90
648 128
784 789
896 191
438 436
883 929
51 601
980 630
682 614
850 246
699 735
888 385
442 785
631 545
660 923
500 803
972 762
473 961
171 227
717 376
992 531
378 410
644 751
37 188
286 411
583 960
962 413
798 459
348 470
757 226
475 200
817 516
45 738
771 452
619 948
654 870
49 199
721 84
162 497
229 897
802 952
628 432
100 629
163 527
344 701
133 613
683 828
178 496
147 885
716 753
965 34
754 924
290 962
140 86
590 737
644 667
104 553
941 6
444 861
469 204
565 540
553 124
57 595
355 515
131 644
938 196
49 146
92 833
803 290
103 170
328 256
287 427
997 778
842 192
646 254
833 346
589 526
209 133
61 68
571 91
725 398
971 486
646 417
492 18
851 975
359 947
10 41
345 429
241 119
280 867
140 732
689 521
987 519
301 284
196 730
662 428
778 886
932 148
52 172
323 529
826 888
271 332
612 549
822 415
677 592
250 428
939 416
382 207
450 318
355 970
252 230
593 167
833 17
399 98
822 973
108 845
876 113
227 901
122 252
58 509
749 279
959 696
185 787
55 584
188 510
550 326
788 757
23 605
821 368
937 450
219 714
299 19
192 505
206 647
57 104
796 580
334 866
247 409
691 127
580 254
940 513
675 573
424 613
922 332
670 6
244 944
420 656
524 567
175 356
999 975
120 683
229 101
48 53
368 39
612 826
171 740
225 241
361 707
371 169
582 763
814 105
359 564
793 68
178 411
743 943
547 959
950 939
157 684
187 796
841 934
405 1
863 669
372 893
621 463
247 246
996 472
257 523
872 220
816 515
208 681
379 554
352 104
826 119
552 750
939 407
624 475
391 224
743 449
99 557
501 231
26 530
836 289
716 61
411 71
309 180
484 240
661 424
619 113
121 782
902 556
993 587
127 766
677 340
771 146
753 508
604 468
847 460
298 19
329 254
314 203
545 91
610 411
924 666
879 537
844 352
506 476
564 224
245 4
699 648
281 88
155 515
525 551
314 430
355 264
429 401
141 215
463 999
6 67
86 124
4 458
45 979
561 366
19 683
46 778
826 862
971 217
483 588
863 540
556 38
704 859
711 461
802 161
808 20
61 855
399 407
289 72
536 343
61 706
20 256
529 802
450 588
463 645
843 315
215 912
456 946
670 744
831 743
73 559
42 965
833 690
706 528
290 534
253 505
998 408
922 762
217 87
117 661
831 976
870 880
551 164
194 876
30 365
634 585
139 698
739 716
436 805
267 167
954 529
657 176
497 275
56 695
194 98
952 627
217 867
451 809
737 961
928 916
940 40
189 236
926 878
874 900
440 931
878 859
852 628
913 866
102 919
776 52
468 344
876 401
477 11
47 763
959 590
86 973
764 46
450 864
948 220
889 326
378 656
345 458
829 3
412 156
25 808
875 708
85 517
571 631
873 563
172 387
451 370
805 608
792 583
400 284
441 829
378 525
663 270
906 44
284 405
533 376
746 848
408 586
782 803
712 708
125 630
387 682
414 47
17 361
79 827
906 273
322 864
821 940
568 623
658 849
123 676
39 966
625 645
43 284
179 881
436 332
939 910
242 702
548 133
876 474
345 862
707 956
944 667
740 69
426 455
76 48
900 786
944 321
726 263
605 704
70 628
35 112
319 957
127 865
410 207
213 251
156 666
170 952
222 50
8 637
55 428
218 115
750 663
570 204
418 71
823 450
773 772
13 643
723 883
434 154
954 148
72 341
900 981
211 425
269 782
965 857
567 806
42 202
880 194
235 144
679 491
727 23
177 998
192 508
395 930
757 742
531 689
796 666
3 951
504 601
166 549
71 770
561 471
999 647
73 112
252 121
262 707
123 905
505 908
569 810
457 51
268 900
312 628
342 795
572 132
452 847
831 75
46 362
554 9
984 563
222 198
601 468
572 557
255 572
468 301
360 939
55 984
713 711
566 386
644 456
756 540
483 600
714 317
666 306
787 896
686 186
933 358
523 207
727 41
599 506
71 630
907 286
509 742
805 439
135 944
540 492
578 824
976 107
252 890
597 80
917 389
397 270
686 964
911 667
770 412
950 196
843 189
223 165
998 155
396 297
305 841
912 917
564 538
297 236
770 171
420 172
434 889
73 545
263 93
794 820
684 202
392 688
823 760
355 81
195 601
207 81
589 740
440 711
290 593
94 808
175 900
73 530
773 75
557 264
798 185
57 19
949 825
41 511
196 35
745 743
978 588
205 645
516 233
346 243
147 661
87 660
484 542
656 826
7 697
13 602
781 486
36 611
406 510
930 413
958 135
493 497
514 613
475 202
30 604
295 462
144 923
123 783
940 119
666 632
608 547
663 6
929 869
465 100
536 179
622 171
975 758
522 122
200 322
765 461
687 546
785 562
926 178
97 110
410 237
883 414
474 717
956 533
789 632
614 166
621 384
368 961
414 274
639 463
999 224
137 29
152 483
855 526
84 381
778 643
430 563
239 177
529 652
878 443
111 941
175 679
534 106
268 990
444 270
761 619
958 749
767 109
997 783
513 823
878 606
5 355
515 322
545 284
251 991
709 905
248 225
909 69
315 354
970 53
581 2
398 486
284 600
865 737
563 959
109 202
528 747
324 704
689 567
492 795
682 256
415 588
715 773
945 416
511 577
260 765
819 773
35 260
163 582
846 760
194 54
358 920
416 759
217 864
902 453
66 16
268 220
554 673
99 705
751 643
744 573
112 89
537 240
130 267
135 379
130 87
352 808
14 631
692 82
264 92
248 965
913 11
460 648
299 488
653 583
991 34
409 480
800 559
359 793
224 138
379 520
916 296
77 214
358 487
316 11
876 187
278 525
547 517
386 224
282 846
355 156
447 174
683 626
506 665
719 772
157 793
784 132
174 186
712 6
211 847
83 105
564 342
281 647
673 68
135 853
180 57
502 543
880 418
99 254
938 412
119 731
968 478
305 610
884 541
951 855
22 71
757 40
369 610
96 537
649 153
33 851
474 916
801 550
822 436
363 714
734 324
886 290
547 826
484 47
846 296
315 291
580 897
951 966
546 797
774 28
666 894
109 692
518 601
601 441
363 588
995 314
480 897
685 840
17 964
700 290
739 120
409 154
360 31
869 657
102 893
476 630
145 787
926 390
677 549
616 956
277 361
806 95
757 429
403 478
692 41
585 772
931 370
68 322
208 330
541 38
689 513
581 385
400 904
720 220
304 234
477 200
175 898
163 925
843 682
836 217
529 717
87 137
716 486
176 46
277 86
955 877
403 650
132 441
883 589
974 142
10 684
963 150
460 324
945 749
701 269
508 935
836 215
151 859
828 705
951 553
535 43
961 312
169 744
725 509
341 157
115 551
430 149
697 203
512 467
322 339
952 474
460 983
722 715
407 109
637 118
411 87
254 913
471 10
542 776
487 743
511 589
55 927
723 436
57 552
826 381
868 821
359 80
515 908
205 826
26 209
37 463
11 737
336 912
520 795
859 206
879 462
678 125
444 266
360 670
665 742
437 116
91 193
880 479
347 174
655 231
134 622
133 296
768 940
973 72
599 653
858 602
133 818
553 577
848 168
229 826
738 993
379 722
205 165
691 282
558 979
524 765
889 756
821 481
131 331
639 322
766 828
597 331
705 636
12 619
106 288
824 584
783 117
764 373
267 962
328 981
123 368
931 741
263 598
993 874
219 990
779 481
191 134
418 249
126 840
307 222
817 89
117 883
460 835
540 338
988 101
237 486
602 296
437 634
601 493
698 251
888 657
401 132
812 50
540 196
398 190
865 765
813 392
973 385
13 995
648 655
878 284
415 588
697 418
445 846
316 338
118 286
215 34
0 111
499 859
983 465
317 953
768 872
918 259
664 792
345 47
272 664
756 285
508 185
600 411
745 334
668 41
71 114
580 203
131 401
634 596
742 731
932 663
234 531
224 649
83 467
63 176
797 766
320 609
420 494
481 147
865 241
570 590
274 985
356 22
598 28
466 582
36 487
744 26
346 327
511 932
218 581
354 97
153 937
135 135
733 855
512 470
28 574
160 277
731 700
223 805
809 141
698 593
626 580
348 490
875 470
365 663
504 224
327 258
15 116
303 381
269 911
500 936
454 992
252 810
90 993
631 857
106 24
64 181
865 63
90 928
236 940
250 793
173 624
330 729
616 734
905 28
426 379
768 344
136 342
662 159
695 786
986 525
63 726
315 552
779 390
563 730
420 826
363 588
689 139
748 173
778 348
698 41
106 297
496 398
428 748
788 587
560 532
259 422
407 476
335 451
12 860
242 283
331 310
300 887
265 219
207 415
926 135
212 813
951 503
912 901
689 262
288 912
730 926
519 290
770 411
610 432
809 203
574 391
945 824
477 129
975 868
307 641
915 680
466 247
886 388
426 830
86 675
350 395
592 383
12 866
882 276
55 343
632 30
330 867
592 311
749 147
297 871
106 465
637 654
268 858
672 770
751 932
191 218
66 880
625 936
46 214
870 731
710 622
822 578
532 894
726 307
743 84
670 556
668 132
349 924
953 297
641 136
619 532
934 181
277 16
286 277
759 658
777 32
32 525
990 208
366 660
600 451
597 645
26 534
84 644
19 804
835 395
114 925
134 102
474 784
184 418
425 525
25 637
541 262
787 295
52 750
623 578
360 801
675 668
606 167
454 908
301 931
339 952
721 435
293 618
360 784
930 368
886 141
899 504
770 307
436 680
943 724
790 427
391 367
956 329
684 398
111 29
72 850
901 967
599 94
1 151
228 164
915 13
536 583
379 204
311 350
71 618
248 117
197 569
659 994
216 552
417 70
481 244
953 236
325 199
926 556
878 747
883 984
925 448
311 527
239 977
283 5
469 391
92 113
50 406
327 512
726 616
748 127
400 995
168 439
44 679
932 195
976 11
646 759
124 287
83 844
687 140
340 160
877 847
291 915
951 863
69 67
314 79
212 468
67 889
127 107
775 899
566 906
655 828
71 999
452 835
488 504
453 795
651 292
290 190
450 688
260 235
446 576
632 974
391 27
366 319
429 156
863 476
805 590
175 948
786 462
764 646
200 705
368 845
16 222
358 601
154 55
98 711
487 619
384 309
842 279
42 37
149 350
51 907
962 278
606 433
523 172
437 370
721 944
882 136
51 968
195 421
341 663
768 809
906 904
161 944
816 703
529 351
475 529
977 470
350 537
221 952
503 458
397 190
315 792
934 459
485 158
661 639
728 247
741 915
100 111
986 344
590 783
250 667
892 560
861 624
182 653
295 779
593 554
989 712
349 614
562 178
103 841
910 803
894 448
696 988
247 873
627 489
148 719
693 886
35 443
252 110
873 348
760 297
705 590
893 695
344 672
239 589
640 202
308 35
332 783
709 831
225 36
417 984
803 458
561 155
433 709
141 667
755 612
485 581
519 148
321 888
693 373
237 841
119 834
685 852
109 599
340 740
672 427
709 261
27 169
261 308
635 481
73 784
785 124
498 894
669 371
997 617
408 486
124 777
949 137
297 601
89 491
793 66
778 731
905 5
394 529
734 374
946 33
918 997
540 160
58 153
865 808
775 870
480 97
608 523
893 535
327 23
335 550
318 472
293 58
181 570
81 563
370 425
377 455
329 969
462 274
335 539
6 768
861 625
792 937
385 293
140 329
45 942
195 312
163 692
317 239
952 839
911 720
705 464
317 84
956 789
149 413
996 828
838 166
586 197
643 408
822 165
838 888
888 454
395 70
998 27
776 202
475 734
563 30
954 425
694 72
485 150
350 337
229 390
238 701
169 495
500 175
711 955
751 299
715 501
504 750
692 458
108 256
755 291
150 753
530 223
105 505
274 880
566 176
235 608
579 812
734 951
110 741
217 539
846 814
976 995
402 139
693 875
928 684
924 935
802 691
518 697
970 696
932 220
795 297
213 589
579 703
538 568
426 964
148 923
727 164
688 510
412 341
943 857
302 302
993 333
348 351
658 853
393 390
718 426
220 560
399 434
971 596
692 659
883 955
256 921
653 577
445 340
841 523
31 628
888 158
726 640
818 366
120 895
156 535
811 755
478 135
986 211
941 554
191 380
332 452
18 360
579 456
929 563
288 205
22 380
185 768
597 589
811 569
286 328
759 856
922 947
908 647
59 819
745 386
911 855
121 653
261 12
395 216
119 869
587 27
156 837
922 23
405 774
685 784
315 9
475 250
509 867
633 793
259 960
188 422
889 558
518 348
601 955
865 61
835 318
452 636
890 98
698 152
644 431
842 34
774 84
607 197
613 843
715 510
912 388
916 98
553 738
453 286
745 291
689 492
751 78
466 769
648 144
605 26
174 105
105 878
714 600
573 940
536 23
723 178
660 62
39 48
493 742
457 33
361 486
147 767
635 678
262 110
821 402
275 319
794 680
416 78
526 34
528 221
133 359
584 889
755 589
471 790
526 566
497 688
247 170
886 527
883 377
791 310
115 348
607 577
647 13
512 216
102 483
187 364
379 436
206 718
378 371
759 251
47 932
250 471
238 147
39 684
942 466
202 675
818 214
285 850
733 712
426 210
495 708
639 935
334 302
884 927
921 724
206 218
754 27
664 857
338 223
268 379
177 908
519 139
507 527
671 841
489 386
431 7
221 586
722 393
671 289
201 929
894 253
696 607
930 696
858 944
262 878
209 605
621 277
244 191
616 607
562 467
611 204
687 864
791 820
655 508
938 328
182 752
57 255
55 994
796 732
349 201
667 5
166 114
993 570
463 810
158 775
498 626
587 149
204 892
401 144
3 94
549 243
373 313
363 307
811 402
29 255
366 66
892 231
689 271
514 827
224 752
744 559
567 317
509 803
560 289
616 941
226 115
736 958
399 834
236 117
302 798
45 907
571 547
253 228
325 143
295 294
636 839
289 490
270 859
758 721
696 810
382 997
736 26
850 426
666 928
914 650
228 244
160 649
75 959
579 711
935 359
901 868
829 700
373 41
207 97
740 865
833 283
807 128
835 663
719 458
686 514
630 417
639 72
742 996
977 853
993 206
854 322
150 177
210 614
357 825
447 962
629 612
427 58
608 67
30 836
6 584
987 500
852 181
314 405
689 699
369 199
366 373
639 887
991 819
487 42
239 798
732 468
394 953
932 970
315 484
653 932
751 511
270 938
163 667
284 289
353 627
917 884
38 240
530 704
708 545
718 32
704 406
598 847
760 920
681 56
961 446
381 418
782 755
60 696
894 267
392 145
297 307
444 144
173 897
239 616
245 620
426 382
380 468
636 853
387 415
634 207
676 620
519 772
354 384
877 157
168 408
467 92
334 143
331 595
124 458
471 243
372 196
22 36
206 23
383 221
750 309
238 287
881 66
707 486
98 104
896 672
453 694
187 589
732 296
433 501
411 291
507 514
500 330
508 910
941 794
931 520
585 477
753 309
181 298
747 97
218 964
416 250
251 974
789 421
617 944
821 459
410 597
678 383
51 70
674 137
858 82
112 656
700 209
263 742
727 447
141 948
863 732
396 250
656 460
118 791
560 599
909 203
935 605
4 773
599 191
427 662
750 506
598 787
720 624
596 790
35 794
249 37
209 145
558 806
118 524
123 536
527 576
909 694
109 152
771 570
912 458
487 67
813 498
905 772
530 63
251 935
259 117
630 714
163 799
856 243
846 682
203 746
291 765
244 122
575 182
678 310
561 12
296 538
0 345
406 983
281 99
361 494
232 202
881 148
853 192
505 968
679 892
810 550
535 98
263 264
715 427
321 616
892 543
552 739
623 6
333 601
726 872
976 282
748 260
360 559
376 728
264 27
599 373
415 855
994 250
285 812
6 707
86 117
907 132
877 50
390 455
602 364
144 709
883 394
622 841
390 226
674 793
89 661
30 671
724 66
807 101
852 751
146 457
422 710
265 806
138 125
514 772
171 239
401 450
29 519
445 329
465 534
503 633
114 867
621 827
527 973
962 528
429 14
408 871
153 986
975 389
169 601
718 607
271 57
503 386
478 196
266 302
778 319
623 322
292 309
481 135
586 392
751 726
778 28
539 191
612 467
435 629
218 568
459 504
969 768
393 654
839 21
180 61
385 252
168 418
60 258
473 316
810 57
976 131
943 32
446 268
579 504
230 803
940 662
367 130
865 38
358 860
932 552
31 40
708 880
181 749
157 839
761 393
362 224
318 564
79 291
437 404
912 372
262 664
827 331
402 290
924 942
385 176
652 908
617 965
562 386
531 581
390 530
445 981
784 793
575 766
759 348
787 279
796 865
619 240
402 846
893 675
86 851
736 852
739 611
270 91
566 740
521 257
782 116
635 384
179 118
986 357
563 736
769 843
19 680
950 927
153 114
592 741
894 16
362 81
517 778
3 99
688 865
110 588
844 411
167 255
352 978
536 686
311 193
825 691
778 276
390 249
548 197
162 865
437 887
179 883
104 913
581 147
819 188
925 888
23 579
806 274
640 801
866 419
303 228
850 819
748 968
576 352
956 6
15 969
292 927
357 605
74 887
91 582
752 299
264 447
706 881
534 396
454 493
86 500
678 700
388 30
390 495
498 405
464 483
383 327
560 653
137 126
862 465
752 217
79 394
205 645
243 32
140 744
856 101
206 149
246 397
581 455
525 851
848 839
226 782
614 993
194 590
324 863
248 918
151 121
794 730
877 344
613 318
446 24
690 957
109 795
337 953
7 679
734 149
135 649
818 0
871 304
930 651
734 120
893 150
374 829
143 235
697 140
869 711
65 476
914 495
623 474
773 356
116 361
183 852
191 58
120 429
429 682
400 925
102 941
562 527
288 565
893 898
871 293
975 601
472 652
421 797
253 379
42 636
644 48
386 969
845 486
907 607
734 535
470 158
895 877
757 653
997 472
26 275
739 412
334 701
679 973
860 529
407 87
924 239
933 12
231 5
185 827
568 235
714 694
33 720
707 626
988 913
369 15
183 480
505 923
851 231
307 322
316 430
31 919
301 619
598 41
433 771
597 658
394 952
754 58
559 989
715 879
596 894
961 131
238 410
401 223
211 699
285 718
736 782
734 789
509 202
617 55
537 764
888 899
272 494
763 592
926 83
561 12
273 473
446 945
476 379
493 996
616 225
12 463
662 626
254 698
847 640
96 343
674 740
720 876
892 489
642 455
366 196
35 876
504 607
804 874
282 938
861 945
244 663
878 186
474 643
573 724
177 285
47 553
647 759
257 576
257 916
996 500
755 328
643 347
174 523
665 354
309 447
513 631
579 835
71 313
647 166
110 603
131 384
797 994
318 885
15 130
395 427
898 767
273 857
993 282
307 521
912 910
987 633
790 863
678 305
634 958
710 210
72 597
472 773
905 851
44 85
599 513
765 754
94 429
49 646
22 703
423 877
115 765
968 322
72 236
761 781
37 591
485 730
739 590
808 812
964 801
1 355
577 390
113 552
636 237
764 491
128 663
717 651
81 789
798 784
907 716
611 56
555 593
787 517
66 236
630 797
146 6
737 621
167 766
595 372
935 584
403 427
283 72
4 316
814 356
369 488
147 197
954 354
590 860
937 843
88 71
708 400
508 495
506 319
705 289
908 113
365 533
314 495
778 616
757 582
280 167
873 151
431 880
632 527
638 161
679 653
702 513
501 444
98 355
691 522
437 169
306 457
109 574
182 45
50 656
206 634
979 372
21 345
740 448
935 647
552 19
493 287
766 212
716 841
69 321
376 728
953 854
760 736
343 537
267 615
83 689
662 338
274 416
20 28
696 285
969 745
696 970
75 278
170 680
651 139
592 920
163 458
180 26
125 765
746 368
237 735
557 989
883 251
777 46
204 253
396 613
520 241
359 367
228 825
393 284
51 709
289 944
754 320
59 179
452 53
790 833
12 921
722 689
986 835
365 898
737 154
255 326
549 499
697 520
998 263
382 910
880 494
578 741
663 305
955 535
218 609
352 652
708 418
473 310
529 293
561 413
217 137
655 311
522 576
325 766
902 177
211 135
513 664
701 484
590 993
912 320
785 452
607 930
851 610
615 686
525 57
958 323
712 710
394 939
701 692
785 302
678 158
541 774
288 223
879 411
7 378
694 479
123 497
562 736
639 880
402 563
997 465
715 702
561 942
111 614
270 734
549 451
751 212
235 835
30 837
352 783
767 458
770 386
105 511
634 93
834 565
342 281
513 724
65 199
511 95
414 892
936 645
705 849
731 230
876 108
697 801
35 75
103 182
988 930
722 831
462 274
707 279
953 37
631 152
34 518
545 481
411 610
253 573
44 98
7 498
108 46
910 964
900 466
320 639
533 172
800 555
928 687
540 961
960 631
840 219
237 343
501 984
704 902
450 628
406 491
361 43
29 927
493 111
308 292
245 472
780 518
842 460
554 638
191 705
588 124
930 160
828 366
71 291
464 681
436 921
861 10
218 284
987 933
88 380
461 320
791 699
243 864
749 728
777 122
791 84
912 472
818 174
280 646
447 482
647 63
953 474
347 353
896 101
855 207
523 77
261 485
544 271
203 339
832 881
425 847
145 757
250 883
902 117
431 967
153 132
171 527
552 358
745 713
665 984
783 196
309 750
451 666
182 266
229 390
540 262
967 594
272 693
27 284
196 655
860 645
733 924
423 921
896 614
305 167
716 31
599 546
695 268
223 807
240 332
8 729
198 898
945 183
604 34
875 431
747 155
160 745
237 909
758 883
186 756
114 774
696 428
747 677
248 875
776 442
651 108
809 972
256 496
134 84
37 546
257 473
924 121
725 408
362 268
178 732
326 409
287 315
808 791
114 216
325 807
305 169
201 703
654 863
111 630
469 583
543 867
531 916
804 608
211 893
810 993
670 826
442 831
639 542
967 788
216 49
895 33
197 968
23 656
976 568
692 40
177 386
850 132
945 635
803 624
881 290
508 676
611 10
860 20
635 805
762 248
131 608
21 911
443 19
571 463
931 167
874 56
320 259
297 157
764 795
25 867
465 810
250 70
121 979
373 402
1 137
579 30
84 766
106 599
941 317
364 259
874 195
204 880
738 64
944 256
88 435
738 15
907 314
628 310
943 761
851 798
177 539
793 385
649 104
419 574
821 520
212 728
47 413
291 811
904 683
223 51
175 444
767 487
958 94
597 599
194 924
304 22
967 82
2 831
270 120
606 133
160 111
746 454
517 369
508 840
437 453
404 740
917 840
249 284
617 387
476 931
989 119
134 994
167 198
891 282
58 693
66 907
917 546
824 260
276 697
571 206
95 758
964 766
651 525
86 710
404 419
542 506
750 755
87 430
868 809
971 675
228 747
730 302
390 557
724 994
410 879
650 371
435 553
438 4
694 574
406 582
181 785
379 959
619 213
131 261
488 695
377 582
195 794
459 551
957 322
1 98
412 645
308 606
401 530
671 990
806 720
96 335
813 747
770 127
99 156
586 110
519 234
600 520
581 499
939 262
83 53
714 321
862 962
291 723
885 323
290 516
474 857
935 695
310 272
234 824
213 874
271 866
864 407
164 313
746 957
92 122
963 376
418 96
483 812
841 36
912 36
302 409
705 412
317 634
408 319
201 933
105 405
463 633
658 72
587 285
790 794
883 204
996 75
387 172
243 411
524 977
46 649
954 809
423 378
978 637
698 499
130 58
605 207
318 874
182 174
283 563
659 805
875 744
561 558
937 645
410 191
726 981
77 705
94 121
88 75
148 437
348 893
500 693
380 123
886 700
538 86
714 795
161 853
577 292
427 666
44 456
679 950
121 129
846 319
350 542
97 297
219 960
751 135
527 162
628 726
913 578
75 59
705 219
239 379
452 945
693 303
263 915
787 708
723 394
345 283
997 689
876 210
860 572
906 912
566 629
561 738
133 945
940 591
680 575
105 759
999 176
841 355
19 261
594 946
311 103
430 846
839 482
8 558
942 629
517 234
207 917
575 498
965 710
911 791
448 482
59 114
424 73
200 36
253 6
387 10
422 663
168 549
915 472
202 612
801 625
566 701
254 599
555 397
393 854
139 746
307 308
549 71
145 495
157 795
962 388
669 4
302 873
136 478
289 902
987 432
531 337
655 134
187 48
398 357
963 775
755 169
260 844
873 386
416 105
663 411
567 176
670 510
396 784
833 823
933 942
643 594
277 75
8 944
884 179
190 136
938 494
939 115
436 165
564 269
856 634
130 377
677 38
163 267
885 205
721 346
932 588
854 620
509 34
542 390
418 124
550 441
618 273
724 941
58 124
727 149
11 492
33 389
415 542
281 223
130 918
265 327
850 318
758 605
235 47
532 45
425 362
767 888
310 127
888 316
195 805
121 174
804 631
228 278
854 419
413 780
503 90
68 615
257 924
542 972
869 659
739 928
481 471
219 64
456 785
613 590
80 514
998 668
998 246
34 104
791 978
949 150
367 982
974 193
233 220
335 647
772 822
859 448
280 963
726 724
777 967
251 400
906 684
438 641
192 669
414 347
601 854
523 768
119 144
311 864
697 854
542 987
742 852
548 953
501 200
723 516
48 467
957 870
597 343
217 887
589 943
622 694
793 796
853 878
452 854
871 550
665 789
402 848
462 236
204 26
533 265
870 860
180 251
645 156
465 422
669 109
839 323
0 542
143 81
636 996
285 350
282 499
649 737
996 622
947 519
785 172
92 739
583 878
489 226
291 210
90 506
996 384
711 541
613 356
454 249
549 712
478 721
328 189
819 608
11 283
329 457
212 25
867 853
848 891
38 788
648 100
999 134
452 539
960 477
394 68
511 366
27 930
97 95
970 426
477 6
319 772
929 361
726 873
945 941
369 856
553 609
255 916
514 910
810 828
781 610
24 876
75 706
678 886
505 97
2 912
123 662
725 298
711 344
41 523
370 247
785 20
1 331
786 627
873 803
943 289
746 481
324 858
449 193
305 296
884 876
338 540
85 610
885 306
709 572
584 601
303 491
152 300
69 633
462 354
210 501
123 861
136 481
506 32
975 586
304 388
86 84
5 931
202 367
512 560
839 569
395 266
246 838
993 174
615 180
684 805
170 827
390 255
216 345
641 485
249 109
147 327
305 626
385 73
813 265
236 556
896 646
179 14
465 414
297 602
521 42
709 339
898 194
953 610
4 314
984 945
335 382
429 180
182 978
165 625
912 424
697 438
710 121
196 365
799 745
181 931
441 180
602 741
814 443
162 645
971 136
170 675
14 623
860 855
607 373
424 137
72 11
747 278
497 680
356 362
383 614
536 456
659 274
901 211
870 657
338 771
253 979
926 434
526 526
886 61
460 686
336 990
873 850
582 692
551 387
899 662
189 517
807 888
138 436
715 594
220 817
137 775
640 299
51 500
640 996
390 9
487 702
843 316
930 170
188 741
581 487
407 505
603 893
24 268
759 804
292 601
271 754
607 459
490 154
898 256
521 373
553 42
229 924
557 895
415 997
863 581
931 185
735 233
650 547
686 616
202 275
201 370
19 553
111 730
325 681
10 787
626 806
106 478
310 939
579 243
327 84
221 218
96 515
165 163
728 766
72 689
872 851
533 763
866 692
171 431
687 27
603 811
379 81
181 782
670 482
830 65
623 803
281 606
178 999
547 942
271 379
17 463
147 718
69 359
261 217
794 381
580 466
374 132
336 707
656 242
957 812
725 714
194 631
344 706
334 516
974 705
540 970
777 984
255 583
535 313
377 22
92 682
593 508
310 298
936 193
586 171
805 752
247 694
626 331
137 549
540 435
969 445
599 495
293 471
275 523
360 56
850 149
250 816
84 845
483 173
32 526
130 634
556 278
704 10
520 844
203 89
216 844
412 887
813 83
936 575
167 625
575 328
681 609
172 140
619 97
910 469
193 898
292 300
761 241
1 736
59 698
641 925
266 714
246 977
180 124
920 125
445 79
394 484
568 163
933 362
815 846
932 770
560 940
426 455
598 746
850 552
397 299
641 573
388 297
152 840
649 811
492 903
311 79
352 652
439 450
475 26
875 307
830 794
124 647
500 829
772 435
879 328
587 363
102 12
483 332
766 943
647 332
737 35
625 356
137 271
116 409
266 736
651 12
927 925
63 75
717 644
847 862
435 924
968 241
91 182
577 816
92 524
112 547
154 915
411 988
40 389
46 981
298 340
389 556
575 816
489 478
310 840
204 950
166 740
735 377
11 264
847 501
167 845
363 166
754 200
920 553
400 497
94 754
692 635
529 796
115 108
36 194
318 685
352 543
253 584
872 231
344 503
153 564
840 473
472 57
772 440
893 347
289 198
396 50
929 507
134 634
427 644
748 488
467 309
396 979
404 421
148 559
718 681
796 388
957 519
918 510
275 81
846 277
491 666
999 728
574 723
892 150
105 414
160 691
104 425
307 733
824 467
511 382
204 853
919 689
478 122
350 375
972 570
20 918
199 826
14 220
4 428
309 395
292 360
225 491
586 325
563 722
769 312
245 272
594 284
279 785
182 191
374 610
682 743
526 153
962 993
76 286
739 703
903 406
644 892
559 653
875 404
100 157
935 57
568 663
803 245
825 36
722 858
678 473
557 50
310 410
466 845
985 247
975 528
11 26
704 416
103 59
815 967
100 582
250 760
618 898
832 256
471 264
774 870
62 935
174 286
270 404
586 357
927 634
553 350
658 26
85 773
163 933
677 918
195 370
846 671
861 908
340 531
89 865
614 441
388 189
88 384
220 2
730 103
487 390
224 226
588 411
169 842
642 561
643 595
331 369
199 416
90 921
421 510
514 795
801 151
558 184
391 27
616 217
793 592
538 555
166 877
25 552
100 663
312 568
952 340
752 615
502 501
284 495
54 96
425 207
577 565
71 184
527 959
473 13
844 989
302 885
484 11
564 237
177 565
942 455
471 645
247 992
955 564
112 189
153 751
706 663
83 153
790 686
810 794
393 670
175 151
48 150
990 272
425 418
694 90
954 561
456 575
368 755
321 163
527 329
352 373
620 920
882 981
379 936
814 51
511 422
57 621
670 131
587 132
498 882
819 65
931 692
924 844
259 648
897 759
191 949
582 607
103 329
416 324
882 561
842 759
859 61
145 16
106 280
931 224
144 401
762 252
922 492
672 407
974 380
783 105
699 88
763 175
805 905
966 663
382 278
116 121
36 185
18 977
986 471
340 649
876 823
211 922
212 243
214 420
427 179
807 83
474 757
629 403
150 466
797 987
495 697
945 671
48 63
352 527
476 832
207 912
352 220
200 536
151 640
657 376
288 553
410 869
863 454
362 52
728 901
737 202
575 393
921 684
991 96
971 755
937 120
379 417
414 568
322 722
147 218
972 941
341 997
553 363
682 593
362 247
248 140
364 670
73 173
723 429
297 545
652 664
560 735
759 96
998 116
514 556
331 236
485 674
533 893
834 301
277 48
643 946
390 250
224 615
700 671
227 346
614 901
365 908
174 129
849 183
190 419
734 118
306 430
565 529
969 369
795 137
341 105
972 534
140 291
502 361
54 462
951 394
260 232
80 204
661 845
710 505
481 792
1 917
635 253
700 681
941 983
822 605
891 98
889 424
742 521
36 594
556 321
184 448
842 11
238 715
884 521
333 700
570 648
832 857
203 163
147 770
370 857
943 638
35 115
360 6
988 188
42 473
377 219
77 706
156 254
889 705
477 813
394 524
936 834
753 780
231 403
743 968
96 33
148 850
335 572
422 567
330 526
35 259
915 173
773 742
573 966
806 850
894 852
360 666
316 492
245 401
501 484
460 239
785 928
257 708
732 622
137 69
103 737
38 348
123 192
960 506
699 517
32 501
54 562
354 137
438 909
965 883
242 690
617 779
866 982
538 276
263 903
61 638
365 951
539 553
45 547
367 673
69 663
19 142
34 718
259 948
873 798
964 80
182 750
185 79
235 940
73 220
404 989
346 48
177 773
590 861
630 630
954 81
595 839
149 338
808 15
852 964
575 314
384 455
761 916
893 495
394 169
383 946
22 452
988 643
219 526
336 670
746 856
397 35
53 766
12 706
583 666
847 463
251 151
280 794
438 286
398 694
113 511
804 628
624 768
970 350
575 629
265 89
537 166
538 577
260 631
382 672
371 813
257 206
915 308
30 66
782 383
801 239
403 916
9 442
385 538
777 623
894 633
864 529
449 606
706 440
832 424
202 340
13 666
317 792
783 326
32 814
291 919
24 891
988 254
727 457
199 298
783 416
379 345
578 875
83 924
774 516
102 567
542 766
402 277
637 554
585 607
419 723
22 499
300 136
410 385
684 560
121 388
246 229
200 201
988 690
515 16
784 54
239 363
929 88
667 865
597 239
681 663
913 672
415 619
144 395
956 330
100 384
538 921
20 793
358 39
859 359
690 534
924 67
27 872
818 675
710 913
21 168
984 472
683 736
981 819
626 788
260 405
767 396
39 790
809 840
926 516
2 245
830 97
183 8
861 792
692 692
362 432
590 81
219 126
445 995
707 37
632 671
162 410
434 722
613 299
545 813
303 122
712 257
920 237
802 647
687 407
257 235
521 780
225 916
917 693
234 791
866 96
143 816
867 935
286 479
310 328
980 227
845 495
224 449
846 937
943 364
446 447
450 704
771 690
177 796
353 35
476 205
37 758
908 955
940 624
165 864
426 312
83 433
918 667
867 927
513 584
249 424
650 587
729 490
324 481
552 617
440 251
627 806
8 867
602 954
549 621
622 314
158 362
494 117
709 452
446 255
620 85
237 186
761 155
407 8
490 691
11 277
965 545
141 983
283 213
807 702
219 863
326 330
270 164
496 15
11 143
305 631
380 933
33 92
134 421
877 336
683 571
622 554
330 822
208 477
34 412
501 112
667 981
55 567
794 285
537 235
723 585
929 222
956 339
979 669
803 471
856 114
404 564
533 738
77 380
220 755
533 359
597 657
184 578
869 886
593 172
116 879
848 46
911 823
586 246
490 922
207 576
81 193
206 913
428 402
897 51
174 906
723 118
971 715
396 439
768 285
923 274
349 343
113 737
375 814
897 830
44 728
978 713
780 623
317 306
59 827
27 225
332 363
650 176
361 189
292 720
909 600
571 349
334 793
206 450
969 647
208 217
587 964
341 735
736 70
77 332
797 844
402 773
946 31
682 283
663 66
642 843
16 17
520 247
247 75
1 1
627 111
508 233
440 371
740 139
93 348
515 974
916 325
752 560
813 817
992 795
862 497
277 558
161 494
19 624
652 856
533 207
508 835
912 554
845 788
665 776
611 248
709 723
727 111
932 707
129 863
289 683
506 528
430 575
715 255
744 803
272 493
75 627
674 233
270 273
319 656
165 413
435 477
191 686
97 385
888 542
80 627
190 882
748 614
406 763
133 622
172 18
421 563
850 316
940 394
761 482
560 683
535 239
216 187
175 323
512 753
482 14
140 14
140 794
627 731
357 174
262 918
160 710
241 344
138 383
586 87
55 660
173 984
985 234
833 113
754 134
822 999
134 649
36 115
245 736
166 827
592 892
387 580
324 982
375 897
182 750
201 639
457 605
146 48
225 501
705 623
440 915
639 735
412 504
158 11
843 606
728 227
627 115
789 472
325 947
764 45
110 841
619 847
718 480
315 131
149 550
5 950
927 329
556 859
476 408
228 243
818 262
838 360
788 28
734 26
678 979
130 441
363 836
876 221
707 315
33 561
2 273
392 583
810 768
813 720
560 858
518 851
27 121
612 318
35 985
712 974
853 557
123 290
106 589
225 684
500 755
524 741
410 20
574 801
645 594
909 69
702 49
147 874
404 727
187 841
38 700
770 341
936 704
143 209
68 161
928 992
968 983
645 762
472 750
682 869
950 875
116 895
681 843
732 203
25 125
42 907
177 276
20 497
486 135
150 275
350 25
529 120
399 969
860 12
179 133
657 459
165 90
173 495
645 736
619 118
92 281
747 881
946 775
260 860
680 211
27 288
421 486
349 15
857 109
29 197
261 873
199 857
740 670
54 886
591 950
620 479
86 717
960 254
635 946
514 338
681 977
465 932
187 956
421 873
523 311
663 747
24 886
163 58
364 641
217 968
171 792
54 101
578 403
267 915
313 65
224 618
743 63
879 129
836 597
827 750
500 139
743 831
533 534
232 816
392 792
607 401
643 808
441 258
451 366
295 342
72 169
280 119
753 460
385 169
103 756
881 151
28 346
846 893
383 89
490 852
151 528
601 967
553 163
201 507
923 803
788 397
307 175
544 786
57 401
633 773
56 474
664 842
345 586
143 51
535 82
863 599
409 696
217 89
355 694
53 43
688 601
206 732
962 282
974 949
50 594
707 446
28 257
66 971
122 725
572 67
162 216
873 86
876 356
