234 517
49 351
642 706
667 476
803 317
415 574
793 364
667 659
278 618
575 732
763 456
791 213
105 271
135 58
697 105
125 361
374 64
335 116
46 579
615 59
652 448
871 343
976 926
745 533
11 501
359 114
670 376
529 814
136 494
594 124
183 403
93 256
399 371
93 942
622 845
277 38
616 935
16 886
213 260
115 353
805 403
344 369
946 120
736 212
559 43
272 520
560 103
422 527
375 529
481 438
908 961
612 344
415 149
492 878
816 772
61 480
675 223
749 80
111 392
260 278
573 788
658 707
101 94
744 169
733 75
901 894
866 779
400 91
925 35
21 848
545 135
549 554
107 791
631 93
318 313
254 555
709 720
217 551
221 409
27 815
244 575
518 375
158 342
604 278
807 890
196 10
712 557
101 262
431 795
867 633
548 13
944 357
901 528
843 600
135 219
64 303
981 508
796 284
329 582
989 177
593 68
645 620
304 345
293 233
333 150
750 893
461 792
406 522
134 696
13 851
744 506
554 481
260 735
493 535
308 204
789 122
555 119
40 838
277 920
402 668
27 330
152 582
570 819
299 996
274 487
570 829
226 199
51 649
408 647
301 544
143 170
696 864
140 896
110 233
941 885
397 282
176 53
780 322
282 828
141 479
57 421
19 336
646 792
51 324
734 119
926 48
940 525
505 675
631 889
267 253
12 309
207 0
959 73
81 60
458 617
655 685
428 967
308 761
944 396
532 457
0 933
6 538
994 821
582 14
189 202
308 269
310 20
307 628
725 565
963 378
300 871
160 512
717 73
722 87
507 851
690 552
712 437
126 777
665 832
57 47
900 646
360 668
218 935
482 335
395 19
984 935
409 872
782 245
41 745
281 546
1 612
490 511
195 216
11 590
416 350
385 965
366 426
644 80
358 994
808 783
172 555
694 616
667 436
964 261
200 788
644 671
22 700
603 8
120 227
541 307
620 513
393 853
871 658
172 979
395 85
579 690
774 243
190 243
109 809
558 770
722 109
330 127
846 427
878 600
775 556
274 594
508 299
303 753
58 885
375 334
625 690
630 527
517 907
656 137
855 697
374 743
421 545
18 524
30 873
402 407
680 222
841 454
543 943
961 404
495 443
202 247
556 798
289 404
251 4
502 919
525 640
587 864
872 98
852 308
754 272
94 651
108 381
373 548
906 199
883 884
680 269
602 23
777 298
804 718
507 42
352 373
225 299
974 979
774 723
624 204
998 486
929 916
432 611
376 982
284 189
368 77
697 556
395 483
559 565
219 29
980 523
437 531
94 595
569 549
477 465
163 494
326 183
487 537
923 690
71 431
517 357
600 936
337 125
873 23
235 434
798 999
345 698
6 497
965 314
785 179
740 649
874 198
986 755
155 279
159 172
374 192
833 798
930 822
228 194
202 400
443 322
912 725
986 671
502 388
614 308
637 550
993 789
732 754
119 378
911 372
458 541
515 330
232 410
491 47
538 410
253 905
999 310
6 294
605 885
173 33
188 288
817 382
975 698
229 303
790 815
140 536
989 458
157 210
883 31
354 321
590 585
634 465
450 269
288 341
189 548
392 655
330 878
879 479
855 440
191 262
412 395
349 363
912 799
65 384
687 915
864 971
575 22
494 743
355 776
147 0
995 47
823 398
904 200
663 699
425 239
836 105
599 132
701 448
245 399
220 70
177 725
120 439
476 584
481 384
945 484
832 406
157 919
840 489
544 652
673 241
193 294
991 432
555 332
491 88
292 525
823 679
9 48
615 548
819 587
496 462
399 487
948 221
827 817
815 101
701 802
315 264
249 790
190 588
641 215
330 413
85 929
269 483
733 764
853 599
457 723
41 474
314 507
995 280
956 320
263 453
239 791
147 169
530 243
479 759
599 393
237 364
44 212
896 302
151 627
269 515
794 193
904 83
1 711
843 818
317 296
618 268
333 263
303 991
533 473
363 99
924 752
152 905
819 976
898 381
900 172
459 910
550 844
426 73
101 780
70 329
813 498
886 393
969 442
349 517
87 113
345 739
398 923
399 156
128 432
560 898
228 691
588 846
532 16
353 930
637 804
240 749
808 627
725 392
928 670
214 705
859 878
527 249
286 609
598 22
813 889
541 811
770 871
590 712
409 674
822 36
6 377
347 761
31 401
579 512
238 5
423 86
407 781
751 509
624 842
664 589
14 652
773 905
747 37
612 890
799 115
247 261
400 107
818 889
144 467
727 786
291 943
224 990
897 704
109 804
697 797
842 707
889 857
285 462
6 407
579 628
717 661
115 767
175 851
879 232
384 572
709 623
151 435
468 887
764 69
532 12
581 785
54 67
725 793
184 784
851 107
621 776
10 231
735 351
813 886
411 111
815 466
167 30
939 220
407 863
484 321
943 777
254 722
397 961
813 24
113 867
208 406
572 759
88 745
970 933
504 958
595 398
219 415
444 834
476 862
500 331
203 951
584 133
589 811
211 441
355 39
67 920
830 757
450 819
884 155
245 809
578 940
24 689
754 906
988 433
836 525
224 991
363 795
787 986
384 632
392 473
869 605
131 226
848 383
977 163
609 306
345 880
205 481
79 671
459 528
309 99
628 923
352 589
785 583
656 429
984 38
694 578
674 582
822 987
692 7
528 280
260 358
598 557
790 240
9 357
940 426
123 942
257 831
13 401
355 867
219 753
529 475
898 580
434 731
766 76
383 575
87 760
528 623
796 242
83 985
6 302
483 155
50 332
120 987
196 307
439 872
140 397
64 734
616 869
796 413
837 233
332 653
926 853
962 220
514 734
986 417
86 516
51 43
936 339
840 300
381 664
945 957
585 230
58 410
758 162
715 880
506 15
827 171
244 381
154 11
147 817
527 933
931 142
225 363
600 259
435 997
465 228
79 275
475 865
362 886
30 381
785 653
973 865
593 814
378 997
32 394
16 36
999 495
803 753
469 338
210 432
849 555
28 306
221 765
136 711
412 213
119 910
313 399
874 579
466 731
129 971
615 839
590 16
745 808
867 601
920 599
404 217
824 743
314 948
735 166
992 964
240 114
115 445
771 431
268 93
572 794
456 451
24 986
695 563
365 363
381 981
59 696
744 929
613 288
235 906
618 360
664 73
486 988
63 71
413 114
879 281
30 26
813 847
581 896
89 924
381 404
760 785
231 374
595 356
623 692
918 227
788 127
858 185
333 782
677 532
536 135
295 329
488 866
635 537
589 914
207 889
454 153
943 929
779 619
474 544
880 833
20 386
893 737
312 475
195 260
780 657
846 40
250 484
235 89
932 44
882 549
598 537
462 762
916 702
579 164
839 715
869 107
91 668
325 630
342 468
818 371
885 455
150 698
775 774
912 180
458 714
739 227
501 453
504 385
285 16
870 100
295 505
324 633
427 618
232 305
148 315
916 445
967 428
682 56
241 871
449 284
407 514
752 967
446 743
667 172
756 564
110 298
350 286
517 869
455 584
815 819
932 297
503 269
839 215
59 207
90 911
382 931
794 573
41 756
459 332
535 184
448 625
464 996
809 45
719 111
134 966
91 734
945 722
72 818
73 475
394 306
68 878
309 854
909 853
887 831
315 109
781 28
799 502
871 218
541 475
17 709
985 478
722 227
145 734
775 121
502 808
886 723
535 753
368 21
340 151
936 590
16 681
707 496
540 672
663 636
582 179
266 363
460 375
303 144
456 2
591 244
826 461
880 643
48 32
95 948
104 234
140 92
218 170
961 745
495 351
445 253
782 726
396 574
386 251
387 973
767 952
845 721
551 466
493 200
7 96
989 156
742 670
692 700
951 892
386 991
651 226
276 512
561 666
255 254
372 528
12 848
958 748
755 2
113 47
585 953
556 267
663 83
173 144
99 873
477 867
954 549
812 83
534 795
199 448
297 823
519 536
292 850
84 594
794 877
960 606
303 711
244 810
192 296
387 511
281 707
677 119
476 470
373 870
875 738
186 353
903 769
805 495
441 929
639 18
604 897
914 829
849 889
844 595
970 201
117 6
484 170
99 169
521 264
928 167
466 262
508 719
148 636
520 749
564 227
487 648
299 49
877 403
849 818
747 205
231 535
287 781
809 104
951 274
660 239
689 801
326 848
515 513
972 369
665 201
645 469
324 137
137 366
872 14
231 406
869 158
861 360
756 228
397 739
66 60
895 433
582 880
932 989
673 33
343 247
299 565
594 554
548 421
256 669
851 680
187 95
583 931
390 758
521 647
461 358
50 126
244 689
83 690
535 320
81 752
333 943
934 221
857 834
861 415
42 561
417 428
308 436
610 377
367 519
973 746
888 7
557 454
351 990
518 568
808 680
101 460
86 621
949 587
120 883
17 667
37 944
745 358
827 445
778 821
511 222
744 983
241 396
824 794
704 356
149 871
66 823
605 462
133 452
816 240
455 11
835 776
911 569
231 697
974 327
15 80
992 329
666 92
623 657
914 744
108 377
720 507
213 366
453 32
480 573
930 766
263 851
102 139
986 956
889 37
21 188
889 705
815 172
381 336
940 382
149 150
425 32
57 981
142 850
594 599
533 643
136 558
415 191
437 349
798 349
633 714
235 867
785 808
139 956
5 786
20 616
312 448
600 281
544 428
743 552
411 262
625 418
994 353
842 20
869 270
10 419
954 975
209 710
561 208
285 501
140 458
373 175
697 157
641 743
678 449
627 944
124 626
938 859
668 245
646 271
683 101
659 794
223 866
357 950
627 480
82 200
761 219
792 596
100 225
261 354
949 473
727 990
279 214
538 790
763 595
251 930
983 67
532 473
21 588
747 663
107 203
768 827
759 137
221 165
160 259
409 20
448 85
823 704
797 839
274 525
807 390
269 222
300 190
446 424
536 738
87 298
227 233
641 155
987 5
328 372
370 494
517 299
961 586
689 876
115 92
373 234
740 923
141 263
608 275
388 601
875 388
536 264
529 886
725 100
963 152
893 370
862 861
170 497
863 261
838 661
479 567
176 887
294 597
61 974
432 181
127 977
635 664
318 101
409 178
555 798
3 428
396 46
930 927
272 524
715 46
198 696
407 901
892 268
771 62
100 451
637 51
128 200
554 634
779 378
430 478
549 930
505 723
29 352
838 753
163 956
805 180
740 264
896 789
379 489
619 552
954 50
148 369
763 906
600 60
523 155
959 506
290 485
492 866
313 367
774 492
95 77
438 73
608 649
8 180
282 411
518 66
611 435
515 919
866 135
0 350
68 888
673 71
65 742
407 853
543 787
671 937
319 331
697 837
426 390
223 423
762 181
798 87
619 65
249 442
435 152
919 567
34 955
71 446
486 94
880 864
47 337
870 433
745 669
919 114
799 943
687 467
87 345
443 271
497 484
54 25
114 684
452 857
944 324
251 576
396 957
124 501
712 621
774 225
267 261
494 754
964 657
563 942
195 890
261 409
858 427
836 15
998 560
810 276
22 96
50 131
633 368
740 761
467 529
392 146
823 484
815 159
973 883
566 933
664 99
685 372
230 966
348 899
32 854
508 116
972 543
465 222
66 779
138 975
833 268
908 63
962 620
867 515
431 313
678 929
470 990
979 430
66 114
957 91
90 710
583 706
45 488
27 894
126 54
587 768
799 755
47 49
416 451
158 534
508 879
483 586
82 662
304 964
869 686
400 86
931 19
416 234
760 649
328 169
898 917
834 839
659 523
997 823
546 912
640 243
978 617
719 869
992 86
979 603
588 711
622 397
653 673
642 114
851 271
798 72
772 403
263 626
934 700
152 71
372 657
309 332
630 251
643 839
79 970
723 351
606 728
772 93
455 672
176 967
49 441
587 830
594 347
300 735
813 45
747 265
645 360
98 202
584 358
800 349
300 258
587 925
219 318
266 767
522 321
941 349
990 501
846 413
713 738
14 544
594 251
266 915
618 555
103 548
870 891
312 647
160 127
880 314
649 356
134 145
366 674
612 193
127 589
946 332
843 824
858 950
627 673
662 988
626 396
85 538
708 83
83 455
322 258
499 760
724 747
811 934
772 858
797 759
144 865
601 346
751 329
866 712
77 135
694 639
800 246
552 263
119 60
751 851
654 98
763 305
406 434
320 996
375 106
977 321
615 962
661 846
832 2
556 220
241 972
695 844
278 936
427 151
262 844
242 761
169 172
949 72
955 997
357 145
670 58
812 95
29 854
185 439
187 233
475 56
423 861
297 495
864 388
66 160
20 633
193 407
715 507
688 369
821 637
518 951
251 96
631 48
586 354
134 326
74 733
407 941
434 364
241 672
696 226
735 48
242 133
358 37
832 117
454 728
687 375
64 988
350 163
877 204
483 732
34 9
606 842
130 940
968 965
252 577
670 635
658 260
541 829
922 410
386 305
105 502
561 647
902 198
217 672
334 690
850 939
155 261
568 806
809 770
357 472
697 960
54 568
641 404
295 5
87 331
334 659
344 169
792 253
54 619
308 828
767 689
69 112
859 396
501 672
362 450
634 344
903 461
380 995
955 50
895 868
639 140
382 555
582 316
89 323
921 435
554 726
28 783
638 256
372 843
543 645
56 733
255 713
449 947
431 134
857 165
577 269
540 345
255 846
902 159
992 219
981 849
533 15
376 758
250 649
791 695
425 691
19 501
575 724
248 209
371 730
915 282
859 863
102 367
709 807
931 662
231 998
59 963
537 381
753 573
74 439
623 343
770 536
628 433
158 124
100 969
686 655
45 881
248 607
891 694
564 585
771 85
415 593
333 934
198 302
139 181
39 162
75 133
240 346
731 929
796 642
811 113
555 679
883 283
773 551
90 440
775 517
989 803
719 486
545 802
954 627
67 74
293 737
602 910
687 612
772 609
88 82
761 245
833 892
943 127
227 84
262 31
393 394
355 297
404 473
257 579
923 135
301 250
97 27
267 751
562 523
924 576
909 740
757 461
167 614
470 706
585 940
246 254
220 735
340 553
105 658
396 112
5 785
924 228
484 844
159 981
657 909
815 188
98 410
125 138
758 824
152 192
123 948
597 463
439 541
690 843
299 613
673 519
134 587
282 729
516 912
545 566
491 735
537 687
741 187
426 418
587 129
83 23
334 805
161 843
350 536
948 754
677 312
202 838
98 614
306 984
711 732
273 165
475 65
850 380
821 191
391 837
245 490
790 841
406 635
257 551
566 339
484 508
909 215
667 854
951 430
79 233
354 427
774 752
537 598
583 345
390 662
477 391
235 855
594 170
919 323
488 462
141 418
428 818
970 595
674 921
925 261
365 456
545 221
962 522
211 279
524 692
46 939
645 712
949 885
995 692
701 914
635 159
540 646
916 243
646 67
537 736
327 799
386 211
447 623
74 236
970 749
738 692
227 97
704 597
871 551
384 177
183 456
491 980
0 972
944 882
640 840
170 107
903 805
472 435
618 192
280 195
909 290
835 751
963 895
833 565
44 771
939 335
984 572
415 378
777 665
208 861
698 630
489 456
159 864
704 971
725 593
135 427
836 453
66 222
22 437
438 582
395 537
773 536
756 244
792 667
744 333
151 239
177 633
112 807
470 83
398 292
538 865
963 265
232 161
591 969
823 383
199 571
403 879
414 337
57 708
400 449
705 119
634 7
945 241
253 290
893 272
595 670
169 839
813 467
727 940
572 424
933 8
27 510
673 784
508 836
274 866
651 406
583 820
726 659
130 290
754 706
55 791
173 265
892 275
9 838
72 667
439 416
734 632
218 660
282 274
996 992
76 395
311 919
668 505
3 42
794 815
588 301
63 993
244 180
433 772
356 790
248 472
458 516
643 16
457 540
334 826
585 736
257 829
674 743
281 858
83 688
421 399
14 602
551 339
218 914
989 727
909 7
880 134
366 618
385 200
242 818
662 157
898 587
323 475
881 936
798 816
449 367
989 309
310 716
830 944
847 61
434 207
277 34
852 707
691 377
398 981
641 247
973 895
210 425
760 969
581 259
19 407
85 973
489 155
202 768
322 154
899 144
368 959
413 274
788 648
884 267
954 170
484 770
13 280
432 578
443 411
376 957
822 703
439 235
467 665
845 687
596 167
883 621
480 154
250 316
315 764
411 295
845 89
322 914
518 802
594 57
720 623
607 997
226 586
492 103
542 746
651 694
183 989
241 729
392 522
542 63
96 44
469 850
134 651
366 113
279 469
239 507
90 37
729 841
421 425
876 631
8 866
952 386
720 163
886 821
854 570
482 311
900 408
149 679
218 901
466 896
690 570
411 3
849 463
487 641
506 323
150 584
29 484
648 641
151 244
913 955
389 522
838 513
843 595
746 418
0 109
327 700
516 861
857 379
521 411
174 911
291 727
743 671
56 382
693 330
710 669
571 654
313 346
386 435
580 114
924 792
224 483
986 773
673 303
814 229
711 973
673 263
849 542
296 11
998 744
189 282
937 338
4 237
288 27
749 271
261 796
313 85
868 755
801 581
601 490
363 41
205 643
28 703
33 325
166 688
822 149
241 254
987 391
370 496
846 598
319 193
680 929
290 174
341 293
77 642
322 210
734 553
321 701
947 145
96 158
769 54
549 131
404 393
889 625
594 887
755 221
472 811
135 870
815 945
933 991
143 249
242 388
551 141
421 91
623 52
383 371
645 962
951 735
838 791
6 888
26 631
171 475
381 203
230 771
984 259
785 375
601 534
359 184
772 776
881 428
626 426
18 378
825 537
107 404
494 146
75 335
900 158
580 961
879 464
895 331
656 749
569 251
59 877
591 357
792 512
112 141
676 361
770 83
659 812
78 875
51 946
325 144
782 987
269 935
37 814
488 91
274 23
699 372
190 477
893 972
636 10
14 688
841 122
736 928
537 899
239 749
533 16
804 740
931 199
237 203
658 514
933 25
356 551
642 407
52 386
51 723
921 507
871 343
140 848
501 298
932 326
507 361
134 325
182 914
336 681
911 289
931 755
458 4
637 680
807 423
369 801
15 403
76 334
849 841
701 174
698 5
329 453
198 908
130 199
875 685
824 78
596 129
332 603
416 759
514 680
640 424
289 240
448 530
90 28
452 3
819 307
42 669
335 98
396 606
545 493
907 690
132 682
675 811
661 822
740 566
790 930
132 96
194 809
639 804
460 437
923 827
486 107
998 542
261 921
598 693
833 545
997 820
171 260
839 443
15 457
526 469
614 685
90 731
888 293
957 264
191 30
758 230
605 678
243 116
684 100
393 629
796 527
393 585
98 495
684 312
775 401
732 250
871 485
190 121
594 675
473 894
801 160
388 616
227 342
618 218
275 107
716 926
881 250
438 239
825 674
18 618
791 235
532 513
484 452
140 684
838 810
80 729
125 930
901 184
427 787
43 722
914 46
86 990
372 477
414 32
85 359
809 419
733 589
750 668
168 820
297 448
969 273
904 783
464 130
206 306
735 352
869 726
403 160
494 955
313 288
326 643
721 748
711 368
620 656
499 608
920 512
337 293
685 176
252 958
619 242
601 346
583 943
551 180
78 587
768 476
225 405
85 954
303 401
737 459
649 797
43 299
347 708
978 447
596 716
95 944
825 456
612 612
95 999
345 822
335 4
401 693
372 542
75 387
993 590
768 734
835 3
850 29
295 685
937 310
195 874
477 526
839 202
856 704
3 385
99 701
379 196
821 569
388 620
903 531
478 78
56 231
372 633
668 860
34 432
987 262
675 784
390 623
153 915
465 810
181 198
886 588
340 633
48 656
410 856
401 861
235 18
687 638
654 98
388 94
145 520
394 487
590 600
72 91
349 476
733 612
450 409
62 476
369 948
283 888
319 33
84 322
959 361
110 951
273 494
787 983
159 596
848 314
679 430
832 254
10 540
327 695
494 309
129 207
269 540
350 76
956 380
626 472
197 41
201 327
1 70
919 3
918 481
482 268
337 153
240 581
525 91
936 460
681 526
633 29
862 134
588 325
475 611
571 101
151 543
304 731
298 404
370 475
33 860
559 559
630 565
508 701
242 420
795 85
646 716
11 28
853 601
579 243
925 776
319 574
76 84
38 147
349 245
709 440
586 993
830 369
675 663
742 289
820 995
695 32
976 140
487 262
91 228
330 899
972 997
787 996
275 623
849 917
809 382
107 501
958 580
683 35
133 658
584 686
580 698
217 241
134 417
37 237
381 288
843 364
657 39
738 676
499 487
224 248
935 639
288 243
64 27
222 785
482 758
183 653
314 440
552 629
779 607
545 143
122 251
104 561
258 376
633 154
183 867
248 486
653 760
69 973
330 791
760 258
685 741
143 248
835 896
508 664
395 690
96 963
499 947
193 323
289 672
903 414
574 117
200 902
291 227
276 849
406 650
67 868
949 203
215 678
136 480
821 76
806 717
833 79
269 609
374 735
157 94
121 885
822 402
265 570
116 91
764 892
343 56
550 290
36 994
421 204
380 745
372 143
771 179
333 719
405 11
908 904
791 974
530 23
694 103
419 412
631 846
241 17
769 549
670 931
741 173
330 881
153 657
751 501
926 41
955 934
683 494
478 280
207 214
601 203
982 842
304 971
122 354
704 252
501 493
625 459
411 568
305 887
97 544
636 787
126 840
825 191
818 775
227 542
186 672
277 835
659 219
77 659
716 390
824 78
896 834
660 326
348 751
932 151
34 708
858 837
587 597
57 909
364 966
849 453
728 210
650 151
387 697
979 266
855 682
175 612
308 526
57 432
493 796
190 565
639 857
403 262
944 414
780 753
530 626
440 857
133 379
379 456
659 369
188 737
117 401
233 191
307 661
660 945
279 180
286 284
843 961
384 540
538 856
690 2
587 437
416 228
793 100
881 96
3 647
695 42
615 199
616 511
351 115
873 278
283 948
702 329
750 547
348 447
515 960
185 179
160 422
959 508
101 342
688 292
799 408
289 108
262 634
270 991
257 628
685 860
165 882
566 436
766 784
473 354
276 397
740 628
997 405
611 244
288 141
19 937
162 129
415 991
793 949
554 402
426 575
191 858
426 306
342 827
628 913
595 503
541 659
442 887
221 789
331 659
898 361
749 641
623 144
991 697
685 845
108 978
71 351
532 841
203 190
224 298
863 778
540 38
432 239
315 646
685 311
15 841
784 303
579 881
538 160
141 317
245 329
648 598
890 164
742 972
380 579
68 93
965 813
625 656
670 871
332 70
827 518
723 22
283 653
593 362
948 584
491 927
566 192
911 186
342 686
964 734
542 889
706 556
253 931
203 235
79 274
51 606
725 960
89 852
359 785
665 257
499 624
970 372
889 37
933 767
994 64
21 658
152 621
564 743
857 275
384 640
468 307
452 42
239 335
757 334
784 663
738 810
247 437
199 804
626 643
160 941
179 87
461 98
800 927
42 962
484 168
259 483
136 29
761 165
943 637
419 897
766 766
455 960
261 594
258 336
154 664
488 106
367 597
483 694
316 192
507 342
913 351
86 435
518 109
178 193
890 765
707 686
516 276
725 45
983 592
401 202
160 438
198 723
38 717
875 922
523 918
895 908
919 38
856 529
107 114
618 827
691 362
545 902
176 444
401 889
785 162
230 452
659 267
615 643
513 412
890 841
257 514
323 72
836 883
911 666
210 564
136 754
632 143
310 311
661 285
459 615
279 492
266 888
334 483
643 454
515 828
680 867
137 32
39 251
562 384
90 363
636 53
640 468
510 980
468 391
131 161
405 622
158 825
799 487
705 857
337 551
523 515
211 141
306 223
455 655
168 123
583 856
878 772
820 233
384 209
946 517
67 921
534 372
426 252
131 588
568 693
545 682
710 811
465 349
683 664
582 650
689 319
230 114
881 237
411 418
71 875
561 998
987 698
931 985
828 207
552 260
758 847
710 307
332 799
418 387
137 608
866 346
341 400
407 597
278 351
630 574
38 240
506 556
904 220
604 727
633 753
592 144
936 710
319 621
879 361
330 565
381 855
107 570
962 252
522 398
0 579
380 196
286 99
180 714
363 152
394 653
617 213
878 182
902 553
771 983
180 213
72 624
145 126
228 466
109 770
966 146
533 684
785 654
201 891
105 579
195 231
639 141
337 755
514 991
788 742
268 853
297 401
824 330
624 306
808 186
973 325
528 575
750 900
73 312
261 139
813 719
871 435
724 871
112 645
356 676
660 391
186 88
574 766
105 780
397 708
429 21
834 752
462 971
183 487
822 103
104 68
563 981
241 837
91 41
401 431
365 332
384 433
291 689
62 695
916 234
365 870
886 985
584 890
47 28
574 258
283 929
148 584
253 221
908 220
199 232
979 303
764 476
667 809
302 648
661 325
843 931
168 800
870 468
529 484
905 747
198 448
380 693
630 765
703 922
779 714
983 260
529 870
702 227
379 728
440 91
291 395
932 790
76 426
1 932
78 8
614 24
259 179
617 109
109 974
345 902
378 735
432 973
161 489
519 823
592 628
683 290
784 39
463 309
471 789
118 473
852 521
164 886
644 909
362 163
691 866
811 688
889 159
632 31
647 762
134 814
840 847
877 609
447 712
648 536
486 824
752 320
867 552
559 857
174 437
525 767
428 446
676 804
873 179
846 418
188 222
342 487
359 903
287 863
861 428
469 592
284 709
605 175
874 420
808 201
534 286
503 419
50 445
916 45
183 400
792 798
335 285
96 343
515 154
655 845
19 828
245 484
677 757
797 213
239 392
733 984
985 606
151 467
339 409
415 962
966 653
395 540
550 208
272 848
923 597
851 753
462 613
310 334
693 880
311 43
317 832
665 843
921 673
284 604
655 701
275 770
528 894
905 718
794 510
547 806
421 647
31 960
569 668
441 144
595 835
226 86
976 316
871 990
36 695
643 8
262 604
815 344
120 886
594 675
855 165
704 538
460 349
83 541
394 206
243 622
76 528
927 228
605 981
823 949
76 966
894 156
538 141
988 706
386 780
506 922
525 186
574 84
754 941
621 729
78 441
65 249
302 912
488 778
787 929
14 182
832 486
530 108
995 365
10 736
108 346
548 768
618 113
642 790
103 887
548 672
370 144
18 64
394 509
666 728
722 423
236 928
368 404
774 834
96 985
246 821
911 976
206 63
616 880
96 884
755 651
422 274
970 931
818 82
72 70
921 485
814 357
54 511
198 921
851 476
221 431
670 123
376 955
217 903
502 686
926 618
145 618
840 222
712 203
717 448
443 612
99 500
922 190
624 474
87 178
870 593
435 704
235 44
13 419
988 38
6 219
872 733
972 817
551 669
901 427
885 50
278 246
926 634
722 71
37 206
758 205
659 731
385 106
231 995
362 269
440 562
260 655
390 690
159 931
315 239
68 997
432 917
244 390
722 61
931 639
62 944
886 621
964 494
724 569
725 391
737 76
515 557
207 138
493 379
630 819
569 211
601 293
224 805
158 168
119 652
317 312
684 833
250 102
453 257
181 197
284 210
727 614
135 328
499 487
444 257
536 56
939 200
338 472
233 839
415 680
212 57
53 958
448 722
785 287
497 744
86 845
17 927
625 746
857 60
676 490
13 980
737 575
790 14
814 531
556 902
219 138
422 36
432 401
129 184
608 246
582 500
902 460
576 853
665 108
38 175
541 432
763 274
380 29
209 786
404 227
487 252
928 272
30 811
109 354
857 789
994 171
310 273
77 495
978 904
284 549
405 416
412 440
802 192
721 632
292 479
881 164
83 814
139 385
659 349
513 719
444 249
862 70
869 351
515 727
87 894
292 467
333 393
843 133
209 50
16 727
161 330
529 542
226 105
526 858
548 85
320 23
708 533
570 163
404 375
129 958
465 7
158 229
211 960
119 614
565 797
398 494
330 559
174 84
596 32
127 336
170 8
532 697
693 392
180 396
266 397
986 137
648 106
281 597
848 277
146 808
163 301
628 784
165 810
793 880
214 598
433 137
173 205
246 20
558 948
338 922
659 119
158 675
733 508
587 811
79 141
292 960
336 955
24 127
523 796
236 838
824 614
926 400
568 988
185 111
51 206
955 317
960 26
711 545
911 877
0 1
466 230
542 121
805 365
820 491
393 226
879 802
402 687
267 822
681 271
551 122
30 218
588 526
202 328
444 460
394 869
401 469
975 547
970 985
250 502
808 631
593 355
804 584
626 818
433 844
483 638
190 710
635 873
811 897
859 250
220 905
623 225
878 928
250 578
344 407
456 562
458 511
766 775
432 624
379 966
958 637
810 811
748 991
471 528
845 303
576 203
330 750
936 122
329 918
578 897
618 634
557 275
351 185
22 83
5 194
308 59
454 958
678 887
718 532
840 560
835 146
212 405
301 216
773 551
184 301
708 296
372 771
514 0
161 734
766 718
578 943
293 400
301 906
108 785
830 970
681 27
721 830
320 898
233 653
51 890
354 14
627 11
326 27
930 458
200 836
127 58
244 267
702 218
139 158
898 209
348 472
155 166
656 363
927 524
386 803
544 196
206 589
851 718
947 624
254 60
352 920
705 131
39 372
26 986
798 596
868 176
38 180
652 35
159 333
765 370
424 527
907 73
541 489
580 116
45 685
475 283
86 530
23 701
537 540
415 736
689 592
197 705
393 853
87 213
490 784
518 147
193 815
460 546
973 955
459 486
398 497
7 930
531 982
14 201
59 838
905 175
101 173
214 896
146 749
69 283
176 631
341 251
467 750
407 200
128 276
241 89
978 904
505 478
490 478
782 47
557 413
274 696
51 409
577 44
618 196
144 431
68 634
930 30
670 489
499 204
783 887
640 374
76 79
168 663
427 926
146 363
78 613
224 396
131 998
505 734
555 385
152 814
32 770
335 402
729 42
222 128
971 586
772 374
372 852
96 140
87 988
407 980
653 913
291 101
196 542
658 285
368 447
203 214
14 290
543 828
567 66
420 892
13 718
42 19
588 482
828 116
315 540
349 23
27 77
284 621
994 559
554 375
571 104
191 444
408 244
13 223
456 586
399 240
695 799
853 573
815 484
102 408
954 169
336 729
724 91
190 10
798 739
454 764
301 523
776 275
101 684
283 671
86 913
466 205
354 209
261 428
954 676
709 488
59 795
719 781
680 274
316 961
194 703
223 616
651 391
256 402
438 428
791 537
59 687
34 535
213 783
820 21
853 494
243 545
769 653
429 46
608 385
518 266
368 552
694 297
819 563
447 883
375 736
25 414
220 927
275 897
352 670
163 432
925 595
348 94
212 385
717 220
450 28
562 34
391 267
713 150
917 0
165 140
30 825
183 601
20 489
634 50
423 160
418 872
151 349
187 952
220 209
275 317
503 582
664 325
385 116
846 449
338 928
751 461
756 600
221 50
399 674
797 463
301 187
484 26
858 36
20 586
757 641
397 696
410 188
16 263
645 130
347 82
869 168
645 729
287 440
15 855
959 414
540 330
502 660
693 110
871 246
658 968
264 226
218 552
604 930
195 34
46 508
361 464
209 797
158 933
294 548
664 199
350 1
504 749
793 764
109 169
573 931
136 145
339 705
81 621
870 228
678 250
416 44
422 34
943 82
773 737
473 661
278 803
915 133
363 114
890 259
767 521
567 613
259 795
623 474
871 493
31 424
687 38
162 336
626 260
24 677
252 795
101 133
697 614
163 378
448 572
408 95
268 253
121 633
429 517
249 299
206 400
930 894
444 106
786 49
656 374
754 854
199 354
907 109
203 556
623 770
147 776
140 794
49 189
739 157
182 122
135 808
367 815
587 503
884 301
83 93
430 799
690 551
372 796
337 701
790 552
535 714
212 54
625 791
759 575
68 808
269 83
903 919
726 14
408 61
436 726
556 95
642 637
409 412
752 43
904 280
875 90
988 691
926 379
467 37
298 37
94 399
120 896
722 176
350 307
924 958
765 444
974 701
542 515
643 299
709 222
724 110
370 799
969 75
736 414
69 167
421 127
779 846
779 775
871 978
80 851
540 963
782 773
875 960
30 180
939 668
698 720
198 224
323 144
122 46
813 4
366 342
919 485
453 485
234 968
612 717
300 740
449 135
756 901
59 436
832 170
370 613
253 862
765 48
720 303
640 425
155 875
337 353
738 863
832 20
882 787
379 45
902 908
714 329
487 438
982 117
606 14
897 702
603 728
481 897
988 580
455 157
346 160
581 517
445 582
98 482
828 554
32 896
836 577
377 443
905 226
198 615
622 318
705 757
447 642
710 566
262 678
563 310
339 594
309 546
562 212
287 445
538 911
357 84
245 285
582 252
876 7
648 576
388 383
58 679
640 678
921 574
724 475
996 16
957 326
653 423
56 161
364 151
800 174
482 329
556 352
372 198
125 229
755 420
100 526
915 656
934 673
553 369
716 856
741 416
783 57
537 32
717 184
146 589
120 61
544 412
132 272
490 614
209 357
521 6
401 743
918 2
164 484
434 143
401 969
24 993
408 177
986 374
615 209
978 285
416 231
336 994
232 166
203 840
468 583
424 516
766 587
528 75
943 468
367 923
627 504
762 451
532 273
513 821
969 670
910 599
449 141
719 623
248 935
832 811
696 230
368 735
186 442
435 264
538 360
711 727
58 232
681 441
334 586
606 29
491 274
482 488
764 86
125 759
625 57
646 118
951 212
40 728
771 274
701 932
434 803
319 986
940 670
484 400
514 773
948 448
511 692
905 263
578 781
213 426
179 854
668 817
267 325
187 851
761 650
342 332
39 11
435 964
258 916
13 37
868 80
224 849
210 386
673 973
941 924
678 129
887 612
284 504
69 399
625 967
66 903
882 278
738 698
388 480
371 50
446 239
165 150
40 591
368 358
563 364
355 159
153 142
686 618
712 433
406 497
583 239
990 648
776 483
883 741
535 719
126 898
709 872
931 823
984 892
861 49
456 996
0 704
905 967
828 217
27 611
762 22
550 521
430 606
69 686
693 703
516 646
777 571
145 72
532 911
47 539
828 451
589 268
625 377
766 74
60 836
753 508
104 485
321 617
173 703
342 554
114 495
298 473
689 407
172 990
77 626
817 253
79 748
766 395
829 577
716 628
143 895
362 495
451 176
206 417
37 89
416 229
775 730
612 903
844 13
522 864
772 953
337 564
602 261
842 955
966 833
797 295
690 946
987 544
619 227
396 317
390 450
878 192
471 857
512 638
434 12
122 243
46 683
85 685
743 757
695 78
757 956
866 830
550 376
518 562
459 529
700 164
646 528
266 542
707 193
923 877
795 534
646 472
890 195
342 969
101 967
833 181
586 265
83 306
485 238
444 240
902 412
514 126
711 773
742 823
492 57
207 699
297 324
183 962
849 68
327 877
165 873
857 473
141 275
348 596
41 762
563 573
589 611
393 759
613 297
699 390
613 632
231 3
886 44
935 904
163 513
884 779
857 240
500 957
569 666
259 107
857 388
74 747
517 442
512 958
450 895
1 639
196 391
67 244
244 134
303 325
504 290
137 804
277 168
244 830
385 987
471 380
905 222
794 820
173 19
53 383
172 350
862 654
967 713
374 21
854 178
167 633
657 961
310 996
448 321
151 128
19 608
4 29
580 563
897 461
928 564
166 407
584 763
787 903
435 97
975 233
777 774
182 595
504 93
465 218
139 979
267 231
597 544
448 576
346 405
349 478
602 110
817 866
852 879
189 216
20 677
464 338
927 122
644 66
324 840
101 62
297 909
165 354
245 203
962 373
233 231
804 255
802 815
419 993
883 27
472 776
413 838
962 967
215 19
227 298
734 658
960 898
637 532
603 84
520 117
164 780
515 86
534 192
721 868
489 524
972 517
859 126
709 581
946 227
625 371
154 904
618 602
140 780
303 443
125 29
434 676
813 844
468 95
708 416
878 910
280 831
327 559
893 919
833 422
834 398
574 390
240 104
323 205
792 773
712 253
262 671
561 267
981 969
595 201
656 831
951 965
777 265
632 611
626 809
77 570
201 400
711 470
591 606
772 533
436 85
860 880
277 689
823 994
379 879
428 820
100 182
782 889
714 167
866 15
919 445
315 177
245 874
598 528
909 580
953 278
145 931
450 749
57 857
97 138
602 890
472 170
330 916
350 287
891 807
56 290
485 631
740 943
154 667
918 440
872 676
233 776
767 77
403 164
821 811
90 52
612 222
165 42
364 75
940 253
738 249
639 217
766 491
603 874
323 91
685 703
868 872
915 672
491 80
818 968
210 771
158 574
135 607
824 608
130 810
406 124
465 756
295 631
513 763
476 545
943 720
605 147
74 246
814 96
316 427
594 733
824 685
78 855
741 784
510 377
477 162
166 889
399 669
556 950
350 853
430 156
940 580
528 392
185 843
931 795
694 643
866 74
54 631
801 578
477 125
155 939
28 258
252 900
739 196
358 653
293 545
601 705
320 612
958 755
17 531
901 820
911 720
765 409
921 670
727 68
818 865
689 40
51 438
751 1
880 392
223 138
24 429
30 718
48 483
352 929
238 963
582 55
993 186
770 626
843 279
448 571
831 117
979 391
585 803
297 892
13 588
190 17
893 540
801 171
775 668
736 125
745 74
754 396
128 680
9 779
998 842
701 862
345 183
663 508
550 263
500 875
618 348
33 762
960 292
205 395
191 502
656 230
862 712
125 666
288 638
622 707
600 403
428 867
983 913
168 900
321 153
282 104
266 331
179 356
54 369
297 2
497 204
74 524
844 630
762 622
857 336
396 847
15 560
585 336
301 450
218 954
133 981
514 146
639 98
520 73
232 4
542 890
405 596
80 702
428 912
767 147
629 624
646 100
613 673
20 304
277 138
789 559
4 856
781 33
392 550
113 893
568 326
741 970
468 553
346 557
867 244
124 534
912 419
798 16
855 478
631 588
736 364
278 763
297 554
632 346
276 590
370 553
872 455
382 997
820 370
982 409
468 349
293 626
83 715
396 87
607 965
385 388
62 919
718 17
951 980
741 47
230 652
448 739
526 658
941 832
549 706
423 624
279 120
229 333
316 945
106 358
575 736
811 24
81 914
434 451
963 65
703 187
299 907
454 418
312 737
838 539
383 950
303 983
362 288
622 846
994 884
162 97
40 926
703 182
882 840
252 790
34 530
932 326
450 58
361 20
320 736
495 664
28 68
80 843
347 283
805 200
436 158
953 43
241 443
884 634
419 440
630 359
408 132
24 451
397 296
230 719
709 290
4 898
178 420
448 247
197 151
850 46
459 44
235 133
383 967
48 999
887 557
912 998
810 783
221 915
187 164
838 972
91 537
26 459
151 803
474 113
855 510
485 626
738 491
508 727
687 132
146 190
978 275
895 253
501 828
252 936
405 328
274 826
579 193
85 657
637 690
321 897
634 487
355 190
975 619
799 679
761 256
715 135
570 491
301 846
151 534
241 181
507 496
404 672
220 196
546 499
243 890
698 230
842 539
626 13
596 991
819 379
135 451
441 164
505 961
286 284
199 693
487 693
628 674
753 167
365 332
819 291
970 447
377 923
513 0
5 880
696 764
895 219
982 673
718 903
105 305
914 817
236 337
856 625
467 137
29 818
955 226
118 629
560 251
611 157
124 481
583 954
90 155
742 524
636 184
59 123
721 353
20 995
763 704
313 527
815 430
544 740
595 184
701 527
15 712
353 351
949 102
885 618
738 589
927 925
578 234
418 622
979 379
753 315
200 603
967 991
777 501
94 50
914 539
139 588
42 23
454 317
526 76
230 513
16 244
363 851
513 60
500 406
164 279
728 15
554 966
211 748
680 820
247 891
588 177
863 109
18 991
454 522
289 347
718 409
692 804
274 705
809 199
96 568
841 10
921 726
209 300
590 911
265 162
12 691
969 846
680 524
660 347
883 140
70 640
364 897
215 67
741 88
903 839
924 946
58 283
707 343
466 516
852 762
978 71
61 812
478 438
705 571
314 555
438 855
882 451
470 668
137 130
172 914
455 903
185 647
838 607
303 821
533 834
422 25
27 889
355 873
166 25
539 333
534 72
79 359
115 818
893 790
550 730
80 266
586 451
976 550
132 882
944 368
777 234
447 430
453 903
285 104
966 781
363 227
579 709
291 881
771 678
461 296
832 459
279 376
189 839
511 194
162 849
945 973
775 298
659 839
870 144
729 451
691 681
431 920
192 871
776 693
444 458
690 160
291 217
413 724
928 860
585 765
128 153
532 629
656 861
503 25
519 900
138 377
829 518
706 775
80 718
482 638
247 639
308 119
153 791
567 192
374 185
567 522
729 855
527 253
466 848
494 140
50 607
964 226
919 810
743 406
142 366
264 473
580 783
524 521
636 64
572 425
184 808
779 230
982 811
420 772
476 750
35 980
326 13
314 661
613 528
994 891
711 656
319 496
256 397
914 449
358 988
559 273
381 568
214 199
31 227
945 270
325 788
343 645
119 758
981 380
393 479
452 717
308 623
856 355
146 711
519 65
101 593
853 302
268 875
737 650
10 846
649 868
73 5
658 621
45 467
266 642
400 132
734 300
843 34
467 750
129 248
604 367
114 913
190 977
809 934
198 166
211 15
478 281
988 744
570 661
857 913
754 504
15 40
16 644
719 124
291 238
500 252
282 358
852 770
558 802
237 540
189 652
87 997
528 870
694 923
643 127
742 34
107 713
68 242
213 430
363 464
761 680
845 766
793 766
53 621
526 753
16 51
984 395
651 950
399 224
654 459
988 120
545 945
373 187
655 444
379 659
193 786
105 712
341 780
336 369
567 450
414 556
705 502
22 636
257 82
972 678
574 280
5 211
710 149
603 658
752 640
579 257
862 974
238 591
292 741
216 165
677 823
698 521
15 142
856 248
28 535
587 473
293 774
535 362
234 935
911 78
994 337
864 21
943 326
775 387
407 400
357 429
300 840
514 277
142 667
334 107
489 883
478 352
416 49
792 662
381 717
245 707
693 324
299 89
688 29
305 23
475 787
460 839
81 955
7 476
319 20
856 602
920 110
760 11
47 971
430 731
532 155
708 108
423 771
977 452
752 219
25 95
149 843
634 302
371 140
281 321
343 69
663 524
504 226
121 400
968 312
288 691
0 489
408 405
543 905
988 838
915 46
845 571
914 544
771 676
67 308
171 720
967 489
667 685
977 619
167 202
334 668
448 347
382 723
398 3
296 502
803 413
41 438
217 496
257 35
716 349
348 59
608 381
847 959
666 996
711 917
212 203
961 754
91 370
797 675
79 725
622 690
578 13
846 442
261 746
118 213
906 364
980 97
452 846
481 386
979 79
42 728
201 979
736 965
559 124
2 332
673 652
909 670
553 61
726 831
84 919
862 209
209 124
542 320
22 797
95 496
791 98
281 666
728 572
221 793
201 333
801 51
946 424
719 304
648 860
824 577
138 754
695 968
876 19
166 715
371 954
757 629
435 212
5 589
341 787
970 89
888 865
16 0
295 424
634 376
673 536
742 890
21 391
928 313
65 945
764 663
758 82
643 601
113 754
489 516
118 149
829 245
573 280
168 839
658 129
15 319
684 590
463 526
924 311
835 268
703 646
421 11
244 576
343 436
595 806
864 976
224 160
830 492
461 185
117 457
690 745
9 501
861 899
859 900
613 825
837 663
14 819
426 303
560 727
203 329
219 777
6 880
827 179
647 343
397 51
546 661
226 372
859 447
602 285
46 905
369 730
151 976
960 814
109 839
366 400
969 164
316 948
492 379
217 784
128 522
56 854
948 374
109 106
851 241
235 121
125 619
561 274
465 1
362 713
571 943
902 650
20 718
451 780
941 930
502 632
808 316
658 936
550 910
435 639
411 625
608 671
436 117
112 490
150 245
893 196
366 505
306 831
848 177
209 19
257 9
560 611
538 340
230 970
57 678
588 499
703 842
62 374
657 496
822 394
193 701
554 796
623 674
423 20
430 69
419 996
88 90
617 528
262 816
931 602
621 666
69 436
872 362
459 912
103 231
117 266
906 206
46 963
127 257
682 700
653 899
651 188
438 431
443 612
752 962
533 471
810 142
339 589
499 480
616 310
793 689
305 422
640 689
19 109
733 158
943 994
720 823
946 731
338 549
75 274
789 782
872 164
505 453
677 791
741 77
35 859
512 423
970 25
851 538
703 492
53 305
797 840
753 931
290 934
588 499
902 727
781 902
412 875
803 652
406 160
949 785
414 129
90 282
934 563
297 423
273 338
497 999
547 518
167 452
470 502
153 648
69 114
18 11
934 343
784 104
231 729
220 891
988 993
481 542
764 534
195 320
26 29
246 209
853 463
830 360
920 299
776 163
694 677
473 995
879 996
434 510
711 913
847 818
758 703
528 341
443 741
870 258
713 832
755 957
532 567
95 212
627 44
629 618
227 475
300 732
748 612
859 744
753 298
407 531
114 673
227 198
238 319
94 63
651 862
171 543
319 67
127 376
571 294
720 136
962 619
135 209
291 988
177 859
353 206
714 473
183 639
764 181
728 994
682 917
776 674
979 782
809 374
16 612
807 694
50 608
490 867
684 558
932 111
722 889
375 672
903 937
195 416
403 185
926 38
977 748
949 584
140 572
813 530
295 738
436 160
545 434
820 380
113 432
199 800
568 734
634 755
348 172
457 596
783 586
544 39
220 976
102 875
606 666
611 107
339 15
122 132
386 563
538 969
630 19
6 549
847 868
942 553
965 886
654 278
675 638
506 772
893 314
135 52
656 371
148 118
461 599
249 616
270 395
993 549
328 153
807 748
754 414
205 707
639 350
673 512
604 9
309 396
106 306
961 950
546 424
294 43
59 934
983 185
795 705
150 850
83 326
61 550
597 864
285 634
134 550
686 967
80 264
52 484
363 254
570 805
553 529
846 354
867 779
344 90
820 655
290 401
940 187
351 665
555 586
801 961
39 408
694 192
951 760
386 122
869 933
145 230
8 933
391 47
812 240
853 438
396 503
599 183
403 241
838 77
555 280
259 662
872 958
654 293
799 835
499 786
511 18
382 444
110 547
734 635
561 964
639 697
380 40
426 647
818 695
607 604
46 904
332 841
741 557
652 858
715 560
171 634
334 538
9 132
377 568
973 393
481 490
648 520
126 342
171 940
914 954
967 749
564 435
51 876
482 924
211 644
586 320
96 95
107 685
620 505
789 259
963 300
391 314
397 899
800 78
53 215
370 308
823 104
557 178
291 813
110 766
715 123
130 653
341 527
113 985
781 919
125 670
489 330
685 53
24 279
731 57
494 395
622 193
583 63
558 588
450 955
868 590
272 478
907 643
922 213
349 635
592 365
472 920
391 613
642 652
527 275
762 413
532 672
783 529
616 69
731 575
914 699
913 612
488 538
798 31
755 450
940 330
71 732
465 587
797 107
203 608
254 873
61 233
989 378
25 137
491 899
765 312
949 207
149 550
160 9
857 49
65 328
749 224
545 26
415 904
293 386
740 262
91 462
842 185
152 94
410 473
840 908
151 477
513 434
230 687
514 430
533 6
12 63
278 482
651 224
811 826
970 657
223 204
938 251
192 509
850 390
834 920
463 160
792 713
658 848
880 254
658 919
959 245
627 587
81 467
893 272
845 494
385 40
498 54
393 246
524 209
129 466
124 32
126 940
846 481
863 98
632 904
1 95
393 714
140 920
382 177
879 663
599 553
448 21
940 227
131 705
798 76
914 938
953 201
31 946
586 58
214 32
821 265
311 848
697 474
173 216
614 50
299 545
71 177
278 124
664 87
248 694
732 826
464 479
185 778
784 817
371 917
991 96
13 713
316 519
737 357
116 456
641 314
737 592
361 354
738 665
876 766
722 739
530 253
568 870
638 480
259 855
651 553
80 228
2 697
223 378
583 89
683 418
131 867
86 656
312 685
30 868
674 347
38 195
85 966
845 544
660 467
989 163
121 742
984 618
416 119
236 87
707 890
477 8
380 508
287 460
416 626
324 654
855 165
946 450
824 633
728 997
459 884
407 704
781 942
166 424
333 237
27 37
728 515
508 235
770 301
109 357
628 42
828 652
298 39
497 70
656 147
711 72
305 211
878 852
354 764
241 504
375 718
606 969
766 149
215 9
979 794
584 119
10 428
154 738
253 823
482 209
486 520
467 508
497 190
511 208
436 227
732 57
61 753
122 557
222 946
356 253
381 122
265 251
480 652
664 153
209 575
235 181
674 76
50 873
64 610
637 43
951 813
38 418
483 15
731 784
263 932
16 803
247 931
681 340
920 336
151 817
878 454
942 184
704 200
441 536
548 419
660 459
698 588
934 442
307 774
866 231
745 640
814 64
72 465
666 558
194 128
271 204
77 37
328 394
302 831
392 68
538 19
564 145
186 289
680 448
865 876
14 486
379 352
208 695
290 776
646 989
680 34
31 497
332 252
585 605
195 854
638 589
860 805
828 255
668 581
648 898
811 933
455 397
853 729
634 332
857 469
158 891
909 206
201 96
517 425
752 964
417 25
617 976
764 449
399 503
540 34
15 947
933 995
946 680
356 611
358 693
38 102
346 868
159 610
907 406
386 979
289 479
718 613
471 231
955 736
533 849
625 650
303 470
249 807
967 316
468 47
2 877
730 990
197 536
308 250
298 494
486 652
29 882
333 589
952 853
314 73
697 461
308 148
322 940
448 108
547 816
153 927
542 165
993 740
46 165
382 295
373 15
364 190
969 585
705 60
896 923
529 393
536 389
373 320
389 236
386 744
953 378
591 715
94 288
669 794
945 540
317 318
481 546
261 301
538 534
535 576
477 585
890 319
819 87
439 359
224 509
577 251
813 510
138 579
425 892
281 338
452 980
358 246
748 446
683 918
297 506
815 994
763 546
905 18
138 671
827 966
843 97
442 238
546 660
827 929
45 472
910 962
281 518
749 228
101 332
436 410
90 491
921 607
49 841
754 694
949 59
895 720
798 682
8 182
515 531
876 804
195 10
181 768
199 849
959 225
340 930
630 285
949 593
516 634
789 558
712 624
456 950
377 65
292 160
53 876
183 446
210 399
621 307
494 801
563 643
928 871
16 396
34 78
877 202
651 15
563 691
240 643
659 537
792 447
282 557
963 759
252 541
429 16
235 332
33 750
601 350
139 324
744 751
653 575
660 77
352 380
686 706
337 248
892 335
925 65
82 580
945 808
374 604
391 735
991 590
452 368
520 584
196 948
116 120
840 330
105 921
41 678
792 528
208 386
711 576
784 664
286 132
434 232
649 343
39 899
319 177
828 574
715 326
98 124
910 171
824 854
898 359
989 717
985 628
505 203
615 817
236 270
871 696
919 938
438 878
391 911
913 888
823 853
263 132
82 75
943 237
109 466
822 325
651 17
809 268
779 625
731 935
182 704
637 355
833 18
513 574
644 267
207 154
8 148
233 631
476 201
277 188
324 785
531 178
357 269
722 71
133 718
640 208
605 7
212 259
35 546
179 822
955 662
488 253
645 831
653 684
421 369
140 260
124 448
272 919
537 102
254 295
261 178
127 231
952 703
917 526
495 879
268 828
696 565
650 157
355 301
356 617
195 482
277 297
831 491
607 435
351 790
636 684
805 109
605 882
210 58
728 758
908 657
850 798
319 375
435 413
493 785
647 101
757 569
502 124
527 552
335 395
981 577
542 341
956 834
230 879
793 979
307 350
206 138
726 105
37 138
65 332
246 77
277 935
2 436
463 291
375 755
607 556
602 841
182 659
62 525
29 797
551 139
94 87
141 316
282 140
481 880
196 148
177 759
711 91
607 717
394 826
677 343
439 372
759 115
28 193
77 837
65 629
847 267
68 378
169 46
668 287
761 259
298 940
580 115
741 749
34 303
16 196
827 343
930 952
590 679
309 698
999 819
194 46
543 900
823 122
406 742
619 337
617 25
805 661
267 795
562 208
268 151
300 381
527 561
250 853
435 504
692 191
978 769
281 312
858 694
657 164
657 49
915 773
494 231
555 541
16 95
626 854
474 251
324 834
149 461
877 108
118 934
998 959
394 44
624 967
559 456
391 715
990 916
788 291
274 963
783 740
775 111
299 526
72 92
286 918
205 886
447 932
151 558
926 627
426 412
841 960
268 84
944 766
781 500
372 996
990 876
564 122
823 326
930 369
782 640
797 505
895 328
126 594
407 730
825 371
626 30
387 232
200 148
33 863
157 497
543 677
220 634
568 49
994 704
271 620
379 644
117 23
335 196
688 132
266 674
589 848
550 451
675 645
824 317
756 993
155 43
750 415
533 724
522 619
580 799
449 49
403 192
325 116
759 628
715 734
218 890
383 24
989 99
323 32
172 876
716 350
6 216
987 811
972 633
287 193
293 711
79 807
416 330
194 559
983 184
362 841
732 401
820 335
628 149
478 759
46 278
151 709
959 524
973 595
846 105
450 466
147 646
247 747
595 705
707 655
195 57
35 629
785 892
78 27
680 936
580 701
54 291
493 969
631 473
301 360
257 418
440 433
196 583
482 732
84 19
736 967
869 946
847 778
386 495
626 810
77 576
423 510
766 155
794 94
862 516
738 548
930 903
486 545
370 499
656 439
507 907
963 57
892 144
465 402
513 455
525 67
655 127
302 365
951 456
166 325
368 369
59 642
863 459
688 2
468 856
660 722
215 125
870 746
79 500
106 732
350 37
791 256
522 530
110 264
363 257
409 582
842 321
661 636
28 211
696 99
260 692
103 68
860 981
805 292
850 351
799 216
864 857
797 874
600 557
201 267
505 760
578 594
370 264
836 765
100 447
646 653
345 375
149 698
714 427
367 666
936 349
703 460
394 390
707 560
905 802
402 837
527 818
266 709
287 928
106 514
975 924
487 325
832 920
518 156
436 689
143 103
467 809
720 835
390 21
379 493
971 324
934 995
105 948
482 973
129 527
888 293
989 808
942 704
56 383
764 906
951 992
941 311
109 967
716 192
74 213
931 916
344 885
532 82
549 134
850 184
826 887
705 510
358 709
461 286
861 600
649 880
231 878
441 926
619 358
217 45
289 601
738 965
896 426
425 904
180 233
706 910
415 247
714 980
680 205
797 437
146 950
809 905
888 27
567 563
309 146
75 852
632 493
346 794
815 658
677 525
270 550
609 196
441 246
962 108
763 500
493 680
469 593
879 17
992 799
207 659
929 975
131 78
895 155
628 332
952 301
15 709
964 468
399 286
53 870
865 298
921 554
130 291
677 151
694 770
261 497
279 369
430 429
612 436
951 21
289 681
254 806
583 951
709 304
491 261
103 132
790 707
423 151
255 499
515 387
224 469
248 808
398 499
139 614
583 320
989 765
941 185
437 804
527 368
846 496
653 144
703 413
337 246
713 99
44 314
208 532
445 712
547 726
290 205
252 13
454 228
64 962
271 852
28 818
586 48
210 100
416 405
655 791
72 478
605 687
439 128
462 860
536 14
962 136
141 322
464 147
379 7
345 636
352 795
477 426
414 174
969 562
521 619
332 368
839 444
477 659
238 179
897 266
90 512
729 223
798 654
19 350
537 638
809 492
788 688
454 362
606 202
119 629
70 524
939 218
972 221
116 973
604 512
704 299
768 978
159 158
696 496
388 706
877 544
901 835
410 696
76 380
67 583
860 878
493 105
96 801
653 570
444 55
283 315
374 655
597 782
314 489
772 616
55 967
812 829
489 418
978 749
32 846
535 580
453 53
955 998
449 174
76 88
373 72
340 793
659 546
861 710
161 872
291 726
291 649
664 292
943 184
712 883
184 159
295 41
840 363
138 955
199 734
514 161
896 637
982 388
123 665
661 394
706 914
763 258
241 707
343 176
63 772
507 73
153 875
947 405
179 469
769 215
336 990
491 528
362 864
719 788
259 100
650 829
598 348
457 932
16 339
444 419
756 277
981 281
348 280
196 764
381 890
795 247
523 95
542 441
622 31
137 989
357 482
658 406
350 508
788 253
680 590
621 581
909 682
398 491
222 397
964 107
595 683
704 897
754 82
310 508
931 154
897 853
650 616
137 178
692 607
115 788
783 132
976 138
157 225
500 434
27 382
862 159
487 759
754 364
25 1
14 898
941 795
357 947
148 977
885 744
284 157
974 849
503 516
31 720
578 344
216 216
480 653
229 660
629 126
984 49
597 383
765 119
983 330
613 87
545 116
119 699
53 806
46 892
816 345
915 19
769 436
947 346
394 229
765 889
369 10
357 58
664 650
657 849
37 739
390 662
693 445
835 12
833 560
946 899
747 975
320 863
932 348
190 794
253 544
834 422
969 308
942 736
317 437
70 296
720 867
955 809
12 724
268 642
77 367
669 451
730 281
94 715
153 720
506 509
60 164
129 817
589 819
505 684
552 826
105 410
789 789
41 813
402 227
74 372
416 621
276 208
477 694
866 466
358 171
222 725
110 731
860 188
80 795
219 408
243 822
554 760
950 550
861 237
239 303
56 450
639 886
182 241
292 653
420 837
699 101
126 954
117 475
616 606
516 800
315 780
184 92
134 284
760 766
320 902
803 696
85 497
962 599
774 928
836 754
825 806
972 651
242 567
73 866
1 713
932 512
426 630
855 238
347 539
816 804
781 665
922 796
449 527
187 419
632 744
293 222
465 609
181 644
854 566
950 184
469 225
193 548
624 625
431 189
734 983
314 380
77 809
420 465
950 654
165 543
14 567
986 7
1 168
735 435
440 822
229 819
557 74
359 368
376 455
395 698
443 896
289 165
138 63
317 428
100 261
554 125
286 183
800 261
213 538
366 797
586 25
573 692
617 173
74 896
136 245
412 174
57 530
923 678
74 535
623 903
50 879
852 828
363 472
338 424
857 644
693 165
566 108
772 34
907 354
294 586
505 165
556 976
940 76
629 930
120 127
477 653
692 570
46 579
575 986
269 219
526 609
677 875
468 852
257 395
40 568
555 388
923 520
712 572
799 6
71 134
989 877
351 672
599 796
318 95
715 741
146 16
673 581
597 726
171 837
530 287
0 222
194 564
450 141
344 594
873 150
316 939
129 354
12 991
723 938
69 425
809 965
176 638
84 68
282 839
428 223
265 0
367 280
339 43
608 994
120 374
133 433
974 525
606 913
828 824
907 983
819 244
926 580
233 190
116 875
683 192
141 588
791 179
83 471
619 570
180 46
44 825
27 371
974 996
276 430
152 613
286 216
887 690
871 644
36 946
625 861
723 650
591 219
98 385
479 468
239 817
915 248
142 496
939 641
357 289
707 452
912 184
976 843
448 897
768 482
797 696
506 661
215 506
796 115
334 6
455 146
871 928
940 264
885 888
467 454
960 571
290 811
148 732
929 335
850 424
13 15
228 501
874 502
323 933
809 283
229 852
390 875
888 422
504 608
30 86
708 674
654 474
314 885
684 85
878 771
484 442
827 610
589 399
840 312
489 744
426 840
132 685
543 625
273 120
478 302
546 577
255 158
285 190
622 452
647 246
777 62
210 221
148 984
484 100
708 222
677 962
496 615
574 843
349 850
363 829
251 802
69 824
977 713
306 687
556 764
301 959
805 644
860 438
726 456
14 912
652 132
549 24
860 831
948 385
35 392
130 504
68 567
534 982
958 812
466 161
522 289
633 605
3 281
432 322
253 98
15 304
57 514
636 299
167 493
893 230
67 5
52 874
675 383
711 274
115 955
120 325
215 118
122 871
826 995
647 70
681 922
305 324
932 409
103 915
315 983
360 165
294 944
759 396
958 765
774 750
724 862
554 569
653 89
208 617
685 292
606 755
684 868
311 36
458 267
855 970
20 896
691 110
78 309
883 436
113 81
898 144
114 373
532 176
443 695
974 504
699 676
413 627
175 486
22 199
114 57
160 223
821 411
822 705
829 912
655 950
455 520
912 485
697 339
158 458
311 292
877 650
571 502
838 465
156 779
909 750
457 280
802 257
12 709
844 26
162 448
458 228
814 880
671 615
193 5
1 182
151 452
771 251
325 634
145 849
725 68
522 864
802 72
661 759
97 103
453 938
230 738
967 642
788 51
185 686
373 433
638 80
793 451
749 604
83 264
683 443
905 829
753 485
728 345
813 297
799 560
923 759
161 566
473 821
92 479
998 826
726 300
579 43
229 943
547 542
279 221
764 664
177 239
752 498
830 717
562 967
693 726
581 125
503 568
218 766
813 428
293 308
12 66
856 261
41 862
786 163
192 959
951 189
730 355
219 851
164 94
331 523
590 789
640 165
13 720
879 926
561 873
827 898
631 43
50 229
17 698
715 580
167 865
90 998
168 593
887 722
130 186
932 360
771 928
136 769
937 366
374 891
526 598
645 326
190 950
229 583
515 967
499 999
263 580
358 411
862 314
227 874
70 58
259 759
423 843
952 539
392 7
707 125
636 999
551 937
385 536
878 690
815 585
435 312
716 712
149 740
24 486
989 831
599 559
411 18
676 61
326 718
889 171
903 870
879 889
308 544
913 657
856 223
310 320
511 246
869 484
511 556
397 52
35 610
676 902
957 289
273 221
858 80
175 390
451 460
233 428
672 508
756 103
433 421
820 270
381 70
523 231
453 625
923 275
564 487
393 995
138 326
151 412
536 32
135 479
613 393
260 288
151 818
306 61
755 646
509 390
707 598
410 714
735 750
851 64
518 104
748 705
675 347
131 238
419 298
781 371
120 611
31 126
767 955
298 864
559 392
665 87
417 144
936 194
375 327
390 199
182 131
575 816
657 102
241 620
185 406
634 138
869 508
20 264
372 246
518 759
410 295
718 709
824 793
401 606
906 333
779 638
563 165
621 322
688 716
613 226
34 976
735 773
842 370
120 396
54 795
225 690
13 92
219 924
414 465
500 764
309 913
896 816
117 83
798 718
882 449
94 748
815 474
401 214
951 571
794 400
158 900
138 155
319 617
308 298
924 571
250 472
343 402
792 795
277 199
107 867
313 897
705 67
8 707
273 459
709 454
395 826
176 532
472 290
283 220
590 646
703 160
640 109
832 528
970 601
759 622
648 824
103 980
849 170
653 471
405 125
386 257
74 257
433 265
401 725
862 323
899 215
842 542
310 117
77 895
927 396
327 444
735 545
637 677
764 919
79 585
14 867
332 488
335 346
604 694
137 290
259 829
800 855
441 633
90 746
837 778
468 614
751 617
948 99
946 766
944 914
247 559
752 744
249 779
842 49
268 352
682 217
553 640
283 814
184 919
870 107
469 235
818 413
937 988
25 193
857 446
256 195
823 107
740 24
516 190
346 604
330 508
623 624
107 672
84 831
457 118
735 712
490 622
304 929
425 876
249 603
666 145
810 929
181 773
400 792
348 572
729 253
426 781
487 334
400 706
789 577
376 810
954 587
639 389
290 35
418 114
557 823
500 199
761 755
963 725
833 147
223 619
494 12
655 832
850 973
135 297
871 1
768 624
909 753
900 748
392 665
519 677
356 45
82 369
472 109
62 704
246 989
444 362
708 759
953 551
18 799
177 140
449 212
883 277
599 522
202 399
714 982
862 953
275 794
186 446
405 532
77 843
904 769
704 59
174 717
895 197
93 87
251 811
423 950
476 454
817 945
869 438
329 848
529 885
502 850
643 345
600 232
462 297
842 243
103 814
646 27
868 166
683 661
931 618
105 654
363 276
32 54
55 411
794 267
314 912
773 344
491 622
937 572
421 690
584 444
848 977
450 469
12 330
401 782
479 230
184 43
949 577
364 251
619 768
283 842
946 203
795 695
36 239
520 345
587 911
321 458
800 406
366 294
737 675
559 40
707 357
601 862
180 396
209 832
390 9
102 136
689 811
801 932
574 450
988 381
269 505
84 60
744 871
672 759
947 122
248 400
125 802
456 654
444 735
845 542
815 37
986 311
133 605
576 742
709 885
981 92
855 938
400 950
108 385
370 543
252 319
243 1
699 628
943 3
146 652
204 252
476 461
57 560
247 594
636 510
249 236
630 66
323 373
30 741
370 975
491 650
411 984
434 476
759 571
738 435
43 679
878 352
729 698
890 943
678 843
252 438
131 519
171 971
678 243
714 785
669 923
348 407
889 540
128 317
238 597
526 303
389 521
802 440
167 895
17 310
117 208
806 205
953 869
390 414
848 495
232 562
567 427
334 899
400 258
874 355
227 300
905 442
349 210
367 771
500 93
552 610
301 122
850 807
39 20
288 199
618 992
735 593
682 585
438 35
771 152
269 508
462 904
50 611
998 5
701 477
388 219
309 724
644 3
565 453
108 874
265 81
372 853
650 937
791 718
190 562
228 147
151 609
825 134
645 283
669 684
678 905
498 684
535 580
755 763
863 913
364 822
675 833
41 523
156 818
520 703
677 715
310 52
781 676
710 421
314 289
636 898
726 64
210 680
759 141
548 360
863 683
685 40
17 909
848 61
203 400
997 544
581 159
984 757
990 182
420 272
801 514
732 937
390 146
739 944
935 979
600 361
793 830
683 518
154 8
554 455
536 756
882 429
281 922
130 604
584 154
707 310
365 382
476 263
31 473
842 130
158 399
255 922
364 519
904 433
859 760
909 222
271 467
72 233
512 570
428 920
769 488
434 111
543 59
387 684
908 335
50 465
598 825
87 222
318 270
818 0
460 991
426 896
344 65
524 577
627 509
987 546
713 196
215 472
650 420
54 746
851 800
117 979
631 424
524 154
408 260
169 627
412 357
458 556
18 541
797 190
76 707
132 111
724 892
411 50
238 820
824 112
155 755
936 992
543 437
476 153
243 483
260 423
282 752
987 237
788 229
196 358
894 171
978 112
919 431
67 802
555 757
181 304
38 944
286 280
713 694
574 68
747 106
838 504
979 19
52 619
447 940
200 150
972 409
356 969
177 522
587 917
755 492
809 695
839 437
640 875
607 295
335 71
763 378
762 845
666 355
672 106
759 953
297 513
621 754
735 282
771 590
688 943
355 954
557 901
341 323
915 505
334 525
536 448
630 549
548 461
270 874
177 952
135 742
394 171
545 42
470 105
57 220
208 64
235 298
14 910
713 919
858 137
56 987
795 914
81 46
755 716
979 859
168 702
994 497
123 904
230 752
776 637
504 883
450 717
669 487
967 929
844 677
657 726
721 966
346 489
243 573
442 154
163 899
755 35
899 963
552 139
181 455
118 182
421 698
738 705
409 49
870 916
140 669
986 975
382 382
638 996
163 640
271 628
374 946
954 237
860 206
625 974
846 408
244 999
609 708
730 859
29 191
650 211
232 143
384 596
607 384
116 48
496 728
820 823
761 223
106 79
540 616
514 893
246 655
300 828
254 641
240 294
935 956
841 671
675 984
162 340
727 482
245 266
167 805
590 234
733 274
668 700
227 980
68 86
763 490
770 392
88 894
511 391
928 870
942 577
352 82
694 683
428 480
58 904
605 221
742 455
407 363
331 37
335 544
770 871
520 271
957 317
394 688
287 835
855 765
143 102
65 798
29 775
375 438
223 25
725 512
905 567
359 415
31 115
918 274
699 650
114 279
197 656
52 351
855 55
570 362
173 401
792 960
526 153
679 196
626 988
94 229
173 788
940 710
684 543
642 384
839 893
923 499
148 342
567 828
439 687
33 169
416 797
224 497
959 971
601 463
628 179
194 352
470 310
595 320
139 56
859 46
732 842
845 691
601 490
61 728
874 178
962 643
768 621
906 762
138 481
769 51
566 221
421 220
141 600
76 343
430 879
589 712
906 872
208 152
57 778
537 657
261 179
27 633
885 727
591 161
91 697
356 478
272 94
265 927
652 220
573 804
827 994
423 79
233 806
335 635
379 358
337 17
467 469
726 742
179 509
172 223
401 967
46 174
385 800
298 88
814 376
465 265
537 527
888 291
166 869
109 899
418 185
698 380
257 829
670 563
917 570
952 847
58 207
176 202
44 806
227 298
621 135
795 894
714 318
139 945
66 803
208 294
802 609
338 43
975 889
681 162
498 937
813 497
940 67
181 168
817 879
448 236
700 955
628 712
855 834
408 961
147 973
545 126
449 839
572 503
601 837
7 925
907 582
465 807
474 829
260 284
610 508
324 650
318 796
23 526
106 880
300 665
415 533
671 301
943 969
212 474
591 31
965 450
658 27
280 401
149 639
278 405
823 711
442 831
948 852
749 312
399 335
122 375
825 804
177 675
660 244
420 740
163 634
605 660
479 484
623 867
648 586
632 428
274 626
667 277
89 337
122 844
93 866
924 584
784 54
331 369
46 166
664 333
932 657
875 347
623 704
562 484
506 704
472 77
784 846
892 985
452 143
622 100
263 532
110 555
157 232
178 475
184 43
712 930
805 924
413 955
705 603
414 519
157 576
914 839
362 607
725 879
7 93
379 250
449 72
915 695
756 606
95 379
565 797
122 287
716 477
500 220
495 206
894 410
745 354
891 380
138 276
922 107
503 542
95 827
247 357
366 127
652 303
78 988
540 231
292 342
989 803
656 862
485 259
141 433
877 442
663 257
963 765
831 380
172 779
114 904
45 729
983 283
879 851
150 300
623 278
791 264
557 54
817 370
594 371
432 705
504 281
941 130
942 134
539 777
865 536
151 987
264 330
758 427
925 16
906 136
700 723
528 623
913 317
755 284
652 418
828 756
669 164
193 384
70 221
995 762
862 115
798 368
70 267
4 859
618 806
138 154
401 880
273 148
681 514
115 583
717 989
913 553
401 538
705 86
621 197
992 388
753 482
843 805
698 111
674 882
904 266
521 118
871 580
715 827
506 45
988 139
776 606
741 326
37 185
458 288
809 22
93 428
222 192
221 601
117 59
867 271
644 406
225 852
174 750
114 411
330 575
720 44
963 242
722 77
160 969
536 901
13 990
159 413
921 618
301 679
363 545
308 50
43 804
203 525
428 925
397 626
839 975
430 706
264 685
817 471
596 145
83 244
874 392
640 869
500 522
575 191
576 190
711 393
227 610
517 920
730 696
555 979
769 233
291 251
952 748
815 362
183 735
370 96
284 689
792 871
941 779
214 645
435 951
483 677
769 689
943 586
588 94
438 389
33 377
163 335
832 344
893 388
955 613
283 921
972 738
817 863
872 303
479 43
799 375
640 949
22 775
373 918
715 250
294 356
317 375
795 303
702 529
398 180
289 94
783 190
625 370
120 172
110 380
38 140
977 502
241 19
836 835
225 816
984 887
177 269
844 737
916 323
104 815
489 710
437 594
167 366
616 379
652 390
765 448
341 853
228 113
889 871
608 410
662 427
451 297
62 771
566 569
954 658
805 426
481 321
535 120
119 275
405 486
833 977
270 645
512 773
560 777
724 803
684 237
772 973
468 948
483 481
216 667
937 887
19 702
474 560
372 118
903 41
971 876
781 783
283 263
640 169
408 570
639 55
424 382
3 872
452 342
358 517
390 490
263 842
421 434
999 801
722 651
142 48
63 440
843 928
836 265
562 55
442 796
85 583
228 430
377 395
591 339
688 225
663 169
746 966
676 976
339 609
156 767
904 916
618 450
73 591
868 874
246 234
339 588
307 622
554 972
837 94
576 207
905 4
54 207
198 837
186 807
233 236
90 561
875 522
190 13
368 904
448 973
462 380
205 260
747 850
94 700
156 14
846 344
659 351
512 713
140 77
246 723
280 138
647 4
487 539
221 414
46 276
641 974
363 745
811 700
177 548
349 804
372 508
390 776
644 149
378 100
509 685
331 876
682 963
776 188
650 578
568 11
991 206
594 179
634 460
179 123
745 210
734 312
362 157
543 676
68 867
48 356
366 899
716 461
169 952
497 214
335 739
598 617
495 244
40 322
992 562
957 728
787 798
549 546
148 509
637 270
394 970
146 486
112 967
32 810
882 615
705 894
260 736
958 835
846 919
239 923
454 29
385 73
616 124
261 870
831 363
17 8
968 894
199 861
486 340
900 732
761 190
106 567
864 951
570 587
263 37
174 441
650 452
503 779
102 202
572 518
114 213
454 152
54 68
729 283
278 616
664 366
881 948
496 961
623 957
672 672
553 389
900 84
467 346
186 924
488 117
529 660
185 307
108 759
888 673
28 442
79 512
929 961
660 217
707 410
804 24
747 409
390 114
692 61
994 861
744 248
459 451
162 650
80 824
514 369
232 588
446 841
681 136
740 305
911 374
667 513
994 356
233 470
240 972
894 951
353 957
612 963
70 696
208 493
166 845
979 411
864 841
790 50
754 682
168 168
259 886
530 334
859 277
248 754
852 849
919 864
27 101
770 990
162 108
642 531
899 698
156 417
358 599
249 989
93 670
290 507
362 174
432 699
576 168
973 933
532 440
802 198
550 199
241 218
758 431
945 675
241 394
445 187
722 807
549 805
592 61
891 968
421 915
285 135
558 358
422 563
15 113
985 61
561 577
326 104
414 723
720 185
472 623
1 657
945 142
546 568
905 860
980 273
331 13
13 834
812 701
950 814
404 990
565 90
412 845
666 589
882 937
693 494
794 733
692 952
900 891
195 947
207 783
153 382
155 80
302 974
796 642
137 569
64 446
732 812
781 680
523 861
211 42
606 517
462 241
148 530
459 928
483 258
433 785
707 278
250 178
549 640
946 729
845 656
930 354
950 754
867 993
571 557
255 113
19 699
45 55
205 490
653 515
234 439
398 993
484 777
442 451
168 102
319 499
909 16
65 893
845 150
413 996
687 379
430 275
368 227
220 905
441 26
96 820
24 611
614 18
498 624
855 683
433 639
535 952
811 482
308 313
518 399
251 125
176 146
696 10
473 653
466 165
467 649
938 238
646 997
873 542
4 498
490 862
177 419
454 452
108 348
673 220
130 93
357 766
40 988
829 656
78 499
325 647
815 122
12 684
64 392
712 580
799 604
650 877
89 772
13 140
670 568
331 797
209 270
18 91
434 405
924 572
829 186
282 951
869 181
739 50
736 41
341 743
734 376
483 967
127 1
800 355
712 155
853 461
553 975
887 642
340 405
94 409
869 490
705 36
816 976
406 46
642 191
967 104
792 512
522 86
682 868
754 223
954 130
722 668
213 364
388 29
850 909
183 3
361 152
913 192
537 875
491 895
473 918
844 931
445 173
187 423
357 230
836 569
381 119
512 954
335 723
740 880
829 992
603 455
317 918
791 598
174 970
396 919
238 298
318 558
106 503
861 882
899 477
532 305
832 687
987 936
838 332
253 522
777 880
549 368
0 202
71 501
825 853
344 215
874 147
800 91
594 176
837 7
894 743
126 395
198 627
839 380
494 311
497 271
56 310
201 392
154 955
789 761
390 675
472 49
398 33
74 50
790 104
262 123
329 282
88 638
760 958
828 942
19 955
910 720
284 138
406 485
711 868
502 593
123 407
894 446
171 259
0 296
873 231
383 351
673 840
883 414
514 603
132 837
310 832
903 811
786 949
64 193
890 45
244 833
626 213
308 814
877 435
691 857
624 884
616 547
807 341
312 944
260 509
149 903
695 380
296 579
661 314
829 391
34 601
481 793
642 822
863 48
408 376
579 642
441 1
227 563
456 891
195 286
292 750
389 154
505 886
295 927
571 419
283 9
615 824
24 218
14 968
366 805
33 429
588 128
782 826
893 24
187 224
747 874
675 77
588 713
260 486
268 905
817 121
204 95
493 233
591 113
923 269
3 522
61 540
471 814
283 807
927 224
412 616
407 375
816 526
91 889
85 633
158 926
354 101
56 155
546 374
503 859
296 507
452 527
614 285
534 675
892 765
990 584
837 630
417 946
822 17
36 754
975 613
921 576
641 516
786 817
92 507
866 955
599 981
6 170
551 367
642 999
713 655
244 50
16 910
432 122
200 422
645 70
747 92
572 283
380 595
617 195
707 947
898 797
908 829
960 683
282 176
373 443
793 176
653 302
944 66
640 787
831 968
602 133
431 321
426 396
672 639
377 939
897 651
287 776
347 61
601 637
750 267
712 756
304 147
329 606
17 711
48 907
364 413
384 201
924 503
123 948
33 376
619 649
915 38
423 313
573 415
813 102
195 557
574 989
118 884
925 551
254 667
102 682
810 231
379 177
228 7
42 54
669 198
109 508
588 87
581 110
705 364
456 451
505 494
907 757
937 176
129 64
48 115
172 609
220 614
867 344
406 955
801 914
827 775
861 532
298 206
341 282
250 557
531 569
900 894
777 805
64 86
150 529
615 708
197 494
85 413
788 91
485 382
911 834
851 792
348 523
660 739
481 726
120 893
99 227
327 220
156 790
201 440
246 684
649 555
386 331
298 4
883 582
318 21
955 546
440 211
520 303
941 912
968 263
812 78
428 684
522 41
663 449
266 113
513 257
376 599
499 650
955 267
880 872
800 864
962 236
532 967
335 422
255 369
278 488
416 402
445 56
297 875
824 669
96 206
64 191
621 600
344 365
11 237
14 850
432 364
311 5
591 574
958 902
375 67
356 811
115 637
869 373
376 631
840 876
475 137
760 481
179 159
264 42
561 106
637 623
851 741
902 911
339 886
8 782
117 528
948 978
17 382
835 192
513 350
910 126
147 340
717 786
303 871
937 715
102 208
268 589
298 124
736 648
798 75
236 63
881 55
627 245
96 372
880 873
210 140
605 543
525 329
501 776
270 350
807 747
613 465
110 83
380 61
602 670
365 822
363 896
995 507
814 928
535 495
473 503
375 466
66 335
129 240
795 140
941 77
698 935
242 122
982 594
734 499
147 995
776 96
293 716
813 21
538 497
140 772
831 832
113 299
749 233
747 101
740 635
365 142
675 802
765 772
675 977
897 398
873 350
469 344
137 890
770 91
981 984
471 226
346 159
722 992
14 516
994 813
458 506
32 683
143 808
686 52
81 357
903 492
605 32
828 178
907 609
25 544
435 357
849 848
146 512
432 828
845 404
922 973
677 5
763 516
848 675
423 992
684 521
377 538
571 836
941 617
534 688
968 501
709 803
151 198
893 833
756 848
573 779
875 694
150 612
615 775
17 275
544 37
922 338
68 989
781 905
258 637
166 785
104 904
509 580
269 540
753 911
399 803
501 940
511 65
138 903
576 754
706 528
339 703
350 792
281 971
653 498
815 846
816 388
68 291
240 251
897 667
775 967
747 748
927 115
193 533
636 22
204 346
235 102
896 836
632 67
607 820
321 638
809 663
127 882
782 868
209 428
260 370
818 482
812 74
405 913
569 102
22 453
726 441
702 297
809 212
406 472
215 845
711 672
389 283
52 644
909 819
37 287
243 237
339 391
511 68
801 465
592 289
519 261
184 615
12 248
587 398
541 148
793 620
485 627
484 297
555 49
851 932
707 86
660 959
671 284
523 365
629 427
467 798
332 901
341 350
220 599
219 233
332 113
931 666
600 210
921 756
479 366
682 164
13 151
817 328
870 177
608 854
147 321
442 269
95 912
249 284
817 2
852 633
906 273
387 386
545 261
832 961
36 862
517 86
546 526
396 587
592 75
134 697
556 563
740 359
432 231
72 640
626 871
642 908
749 303
628 304
446 405
806 823
760 818
793 531
533 667
756 391
444 556
588 363
95 456
261 628
400 825
107 437
979 129
232 406
791 424
922 886
135 592
122 497
557 996
335 274
315 17
398 737
930 662
450 286
738 708
852 816
695 207
831 407
919 311
154 865
680 147
990 808
704 855
149 162
872 906
702 975
534 256
351 387
916 284
846 570
173 941
711 545
582 549
788 662
394 247
368 512
208 195
266 656
641 116
964 750
961 448
180 57
556 124
856 451
143 720
242 326
23 94
795 831
656 741
287 437
523 980
712 296
994 821
219 571
962 989
433 164
639 64
355 473
969 774
998 667
750 87
24 78
780 548
161 293
848 407
728 504
362 804
167 188
213 802
461 994
117 989
44 425
793 80
716 903
53 617
120 156
495 567
308 572
305 797
315 150
522 422
149 464
638 798
730 544
299 208
615 766
367 107
17 554
981 564
684 221
453 361
352 24
388 865
516 417
583 747
612 306
599 147
700 453
238 290
194 816
383 301
977 835
837 310
430 777
380 498
54 630
115 605
272 843
725 391
771 499
407 287
47 445
683 820
729 192
879 355
167 970
244 938
68 972
84 111
823 33
778 726
639 869
809 205
394 27
958 594
233 80
327 243
689 640
542 672
87 97
672 224
832 377
568 40
372 49
796 61
100 642
732 50
950 517
884 214
840 870
391 648
357 597
59 984
898 441
819 915
916 517
811 749
413 661
344 538
554 439
153 465
119 359
628 820
234 456
984 241
579 244
677 57
841 718
395 459
408 447
409 200
935 938
518 529
808 842
501 612
892 899
0 444
838 116
854 665
625 433
726 549
509 139
512 284
123 801
59 370
557 562
152 837
431 499
4 581
740 73
155 799
867 324
499 86
67 225
714 619
984 552
519 4
875 541
220 898
404 52
24 725
275 310
605 418
94 813
822 501
319 971
24 345
36 311
930 879
534 902
3 120
77 155
648 846
579 644
46 228
848 312
981 156
45 851
676 51
595 647
857 896
274 901
521 697
185 796
456 404
173 684
216 468
128 586
915 995
25 45
524 857
646 143
106 86
572 407
925 498
997 978
327 852
941 653
341 710
216 825
316 191
131 358
221 178
672 863
769 889
67 0
101 949
126 282
990 206
915 715
833 166
995 148
66 571
73 731
51 805
206 938
153 148
322 827
884 782
486 833
611 703
76 676
751 11
577 823
674 222
586 624
669 388
821 53
143 410
484 610
88 723
574 414
21 793
69 952
433 464
844 54
472 36
329 997
57 247
834 210
81 464
885 574
708 825
76 811
56 837
590 143
568 960
298 603
931 53
715 195
373 133
611 549
323 370
873 762
665 794
993 985
755 201
527 865
75 650
57 239
606 284
909 396
357 999
896 446
688 816
350 918
533 576
911 170
200 120
555 829
949 786
696 683
323 307
847 638
334 401
697 543
812 721
935 474
527 216
640 508
669 818
686 964
37 359
449 669
163 875
773 339
897 785
149 435
808 574
117 464
496 80
528 914
853 957
541 432
174 824
14 704
398 557
156 774
247 811
510 356
803 221
628 489
396 929
240 410
595 7
901 910
188 688
587 686
135 317
44 727
507 356
428 690
813 323
281 724
564 421
638 747
438 232
169 410
847 322
203 947
260 315
176 748
439 145
606 76
798 370
17 94
824 900
755 202
479 257
220 980
590 519
161 236
981 261
343 897
741 212
812 940
584 293
875 947
377 400
832 393
648 74
12 706
706 26
896 614
337 588
754 786
478 565
314 224
537 392
703 397
677 297
263 806
864 584
354 791
41 34
975 237
530 147
755 825
448 188
112 440
744 486
236 553
419 210
211 86
364 411
364 739
354 425
447 431
633 407
126 182
592 881
736 340
775 81
771 842
466 575
884 905
390 891
832 443
623 241
942 452
123 272
624 266
415 505
844 439
655 620
849 311
505 592
925 659
227 399
943 707
549 260
316 809
584 240
982 43
417 740
395 162
720 64
710 461
69 702
11 629
723 705
42 231
809 936
451 640
174 353
138 33
36 634
803 842
795 84
636 1
441 441
341 586
233 475
71 352
314 897
612 850
330 570
184 445
715 578
468 334
91 267
385 692
454 961
787 249
802 112
69 500
377 985
101 207
391 929
784 470
334 258
152 218
539 865
265 847
77 13
133 749
124 753
432 902
623 799
843 2
438 629
32 199
77 607
347 789
258 80
834 476
551 824
297 682
153 568
67 186
56 735
897 898
875 458
769 319
673 34
90 45
503 549
10 671
361 634
56 793
726 82
949 956
858 405
633 890
138 465
701 999
80 183
52 999
433 598
762 63
402 307
605 655
820 485
791 365
650 865
196 447
641 85
62 440
770 40
163 205
539 294
174 504
894 572
84 943
866 323
13 434
937 249
294 500
309 565
585 194
273 655
818 955
27 370
530 40
480 441
466 784
37 120
927 972
963 266
756 766
945 377
492 59
427 821
277 685
728 882
953 817
513 191
541 613
318 312
765 704
309 653
291 588
240 608
639 204
293 736
365 527
6 429
992 618
675 60
721 756
213 869
355 562
40 270
789 821
543 923
734 425
628 471
540 485
327 554
743 779
824 640
197 483
382 489
613 136
129 55
845 564
482 367
82 864
130 827
307 381
137 842
50 242
51 162
49 66
49 80
434 584
156 473
778 917
375 806
12 68
250 987
987 481
940 400
121 517
838 348
664 660
435 514
873 194
581 460
430 915
528 191
410 982
744 907
372 160
528 233
451 300
933 946
202 368
261 655
773 753
718 353
410 233
235 437
911 984
763 768
861 490
393 142
614 527
910 100
89 461
996 633
438 634
943 554
976 290
73 830
358 310
973 158
286 826
233 844
36 809
527 330
911 969
301 345
240 766
666 124
344 710
59 61
728 301
33 720
433 407
239 334
744 494
99 385
826 941
88 901
51 364
296 654
470 853
587 696
578 493
418 931
14 676
324 194
840 471
837 572
962 876
780 54
385 252
17 837
879 725
275 914
726 951
31 147
335 127
634 414
239 382
364 861
318 718
972 803
133 833
837 725
681 987
85 199
727 870
529 564
816 623
997 950
795 637
314 458
163 379
980 298
889 931
833 712
732 42
852 788
937 722
609 362
53 174
162 561
595 303
812 971
816 70
415 908
302 243
467 465
643 532
726 605
690 367
674 265
799 231
122 512
459 383
817 346
24 637
389 236
460 237
997 68
172 3
913 789
194 370
512 275
71 374
256 367
498 406
804 652
603 126
553 386
564 385
810 702
678 604
327 908
85 359
872 453
28 969
682 411
973 433
971 328
545 78
887 133
84 590
404 993
144 972
715 275
323 989
415 970
445 913
240 130
308 482
14 995
672 286
440 890
519 369
174 720
31 278
620 591
691 58
269 852
372 193
499 477
722 308
552 385
137 562
524 284
390 825
25 605
222 874
806 838
655 114
738 685
722 888
799 133
808 116
742 45
132 585
416 550
499 323
760 828
445 452
889 482
303 748
249 68
777 212
895 126
472 502
526 582
431 231
401 844
725 425
643 676
735 107
675 242
463 956
78 57
130 84
84 553
718 981
25 487
472 738
71 701
523 377
981 408
777 814
256 617
252 495
126 515
411 695
237 952
428 391
698 89
28 895
636 13
548 871
64 616
743 407
829 792
472 291
754 353
808 226
518 244
307 715
444 657
212 366
670 238
572 565
246 135
803 354
332 40
252 888
678 370
883 471
854 280
110 907
3 787
704 266
954 863
538 515
812 79
660 724
463 709
985 274
601 236
706 707
336 249
713 685
995 373
879 661
908 729
571 464
696 937
993 74
431 54
991 457
513 449
276 129
884 341
468 824
860 235
725 540
387 641
785 158
721 537
915 628
113 455
975 249
914 429
771 411
58 747
435 128
697 450
328 51
227 28
307 833
931 820
487 13
291 207
836 745
52 56
274 718
630 712
833 830
864 475
443 424
587 804
422 818
165 982
216 241
807 325
226 590
556 87
378 650
215 853
422 899
976 807
475 859
233 72
980 891
939 315
30 443
868 157
633 120
985 697
803 821
335 458
61 91
159 359
595 257
152 947
685 287
855 413
4 487
971 194
250 956
392 785
924 479
203 493
622 242
755 20
164 985
64 610
463 858
926 903
562 558
335 716
210 535
591 629
767 893
769 103
445 434
480 245
258 612
23 799
63 676
426 845
300 730
224 877
977 847
373 299
117 885
971 812
756 191
324 91
615 594
646 220
925 813
510 78
400 59
924 325
381 673
699 209
129 186
908 115
397 467
109 592
829 950
420 729
472 757
633 317
368 457
1 211
353 75
817 655
666 424
416 211
301 246
287 689
550 63
941 935
259 30
264 341
227 60
652 441
268 240
506 172
237 810
545 224
473 447
371 146
160 577
974 907
923 542
215 459
820 366
631 538
158 845
967 217
790 427
758 13
68 182
898 799
967 959
158 839
387 705
980 898
664 470
753 767
926 390
735 410
268 460
973 735
326 525
165 363
124 945
621 547
420 604
595 280
260 478
956 507
266 68
430 463
580 895
333 30
161 698
981 829
145 739
719 531
197 890
311 368
382 936
330 966
3 990
613 153
749 970
721 196
283 796
157 827
293 725
446 838
433 374
578 702
847 111
967 692
127 719
94 522
679 597
55 424
705 914
330 154
308 490
676 101
939 644
719 757
961 635
822 669
962 162
621 8
393 727
153 225
554 696
663 849
320 211
818 625
950 91
447 978
986 963
642 896
703 835
697 125
28 48
359 503
308 543
595 193
902 878
720 337
251 385
958 302
108 882
57 568
183 835
519 790
80 626
411 589
359 566
137 704
654 413
48 93
398 756
201 404
363 565
331 724
987 592
668 680
413 186
867 97
558 954
452 303
689 91
949 323
444 997
999 472
782 388
267 669
569 470
520 416
499 397
376 174
969 818
611 246
21 148
398 748
613 425
352 794
516 462
309 807
516 659
861 893
68 206
768 897
210 334
507 9
843 502
381 442
931 826
138 432
35 849
556 748
725 922
36 197
236 825
656 829
747 344
864 803
433 859
802 54
397 317
226 759
441 978
363 997
45 567
975 10
590 428
411 590
179 1
180 889
276 684
99 865
723 975
982 352
350 766
583 95
906 302
478 197
490 307
703 703
610 863
331 608
956 302
515 89
709 762
705 518
3 189
3 991
666 120
231 218
300 95
326 568
601 573
530 697
992 404
82 714
82 833
598 685
150 353
554 144
696 126
119 110
861 762
317 478
687 867
798 998
762 484
349 703
25 213
130 500
112 136
3 590
358 265
625 829
482 463
606 379
526 688
855 527
166 700
458 349
729 447
12 746
569 449
434 337
140 333
921 397
693 561
365 272
938 406
38 887
896 48
532 559
441 138
216 778
907 526
532 933
944 972
288 149
857 393
410 963
45 138
175 176
285 811
977 326
714 688
477 655
339 318
270 873
101 916
592 364
872 105
47 301
599 697
824 866
347 843
183 148
666 369
979 686
294 136
371 121
168 128
125 603
732 378
474 644
911 262
328 787
733 221
972 410
909 763
162 131
170 491
998 492
142 227
955 369
795 187
425 636
120 436
904 236
467 16
289 984
501 943
617 750
965 636
893 419
239 361
943 655
858 531
82 793
455 700
929 240
104 314
661 64
546 345
45 788
105 564
763 301
191 664
567 224
815 760
91 284
723 696
892 725
308 799
680 937
32 47
460 471
325 370
311 868
998 795
160 819
815 982
953 825
401 995
228 206
179 249
419 124
595 148
411 557
306 573
362 792
821 933
798 473
238 993
770 793
278 882
725 670
150 681
244 158
785 0
432 521
664 789
359 443
409 650
953 6
863 341
211 37
489 459
445 90
112 130
595 135
954 360
99 166
455 720
749 778
101 717
754 481
288 960
111 895
241 268
693 26
267 460
224 587
915 737
819 246
358 846
812 117
6 319
